TnTeamPlayerStart_10892 102.013,-722.960,-475.567,119.513,-724.560,-475.567
TnTeamPlayerStart_12584 94.671,-713.360,-656.689,107.045,-714.960,-644.315
TnTeamPlayerStart_13643 342.380,-703.120,-430.840,324.880,-704.720,-430.840
TnTeamPlayerStart_15354 373.500,-717.944,-477.440,356.000,-719.544,-477.440
TnTeamPlayerStart_1627 94.340,-703.120,-415.480,111.840,-704.720,-415.480
TnTeamPlayerStart_2152 135.040,-703.120,-298.620,135.040,-704.720,-316.120
TnTeamPlayerStart_2694 26.271,-718.260,-505.631,38.645,-719.860,-518.005
TnTeamPlayerStart_5269 390.269,-703.280,-315.305,377.895,-704.880,-327.679
TnTeamPlayerStart_606 229.880,-703.281,-296.580,229.880,-704.881,-314.080
TnTeamPlayerStart_6923 328.300,-703.120,-427.000,310.800,-704.720,-427.000
TnTeamPlayerStart_7924 16.031,-718.260,-505.631,28.405,-719.860,-518.005
TnTeamPlayerStart_8835 376.629,-702.899,-321.705,364.255,-704.499,-334.079
TnTeamPlayerStart_12481 102.351,-713.360,-664.369,114.725,-714.960,-651.995