L 11.6907 0 1.341 F:/Transformers Rebuild/ExtractedAssets/VerticalSlice/../content/WL_GUN_ION_BLASTER/GUN_ION_BLASTER_HEAD.wav
L 11.6908 1 0.755 F:/Transformers Rebuild/ExtractedAssets/VerticalSlice/../content/WL_GUN_NEUTRON_RIFLE/GUN_ASSAULTRIFLE_NRG_DISTANT.wav
L 11.6908 2 0.483 F:/Transformers Rebuild/ExtractedAssets/VerticalSlice/../content/WL_GUN_NEUTRON_RIFLE/MTL_SHELL_SLUG_DROP_CONCRT_01.wav
L 11.6909 3 0.867 F:/Transformers Rebuild/ExtractedAssets/VerticalSlice/../content/WL_GUN_NEUTRON_RIFLE/MTL_SHELL_SLUG_DROP_CONCRT_02.wav
L 11.6909 4 0.501 F:/Transformers Rebuild/ExtractedAssets/VerticalSlice/../content/WL_GUN_NEUTRON_RIFLE/MTL_SHELL_SLUG_DROP_CONCRT_03.wav
L 11.6910 5 0.483 F:/Transformers Rebuild/ExtractedAssets/VerticalSlice/../content/WL_GUN_NEUTRON_RIFLE/MTL_SHELL_SLUG_DROP_CONCRT_04.wav
L 11.6910 6 2.355 F:/Transformers Rebuild/ExtractedAssets/VerticalSlice/../content/WL_GUN_HANDCANNON/GUN_HANDCANNON_SHOOT_LR_01.wav
L 11.6910 7 0.483 F:/Transformers Rebuild/ExtractedAssets/VerticalSlice/../content/WL_GUN_NEUTRON_RIFLE/MTL_SHELL_SLUG_DROP_CONCRT_01.wav
L 11.6911 8 0.867 F:/Transformers Rebuild/ExtractedAssets/VerticalSlice/../content/WL_GUN_NEUTRON_RIFLE/MTL_SHELL_SLUG_DROP_CONCRT_02.wav
L 11.6911 9 0.501 F:/Transformers Rebuild/ExtractedAssets/VerticalSlice/../content/WL_GUN_NEUTRON_RIFLE/MTL_SHELL_SLUG_DROP_CONCRT_03.wav
L 11.6911 10 0.483 F:/Transformers Rebuild/ExtractedAssets/VerticalSlice/../content/WL_GUN_NEUTRON_RIFLE/MTL_SHELL_SLUG_DROP_CONCRT_04.wav
L 11.6911 11 1.341 F:/Transformers Rebuild/ExtractedAssets/VerticalSlice/../content/WL_GUN_ION_BLASTER/GUN_ION_BLASTER_HEAD.wav
L 11.6912 12 0.755 F:/Transformers Rebuild/ExtractedAssets/VerticalSlice/../content/WL_GUN_NEUTRON_RIFLE/GUN_ASSAULTRIFLE_NRG_DISTANT.wav
L 11.6912 13 0.483 F:/Transformers Rebuild/ExtractedAssets/VerticalSlice/../content/WL_GUN_NEUTRON_RIFLE/MTL_SHELL_SLUG_DROP_CONCRT_01.wav
L 11.6912 14 0.867 F:/Transformers Rebuild/ExtractedAssets/VerticalSlice/../content/WL_GUN_NEUTRON_RIFLE/MTL_SHELL_SLUG_DROP_CONCRT_02.wav
L 11.6912 15 0.501 F:/Transformers Rebuild/ExtractedAssets/VerticalSlice/../content/WL_GUN_NEUTRON_RIFLE/MTL_SHELL_SLUG_DROP_CONCRT_03.wav
L 11.6913 16 0.483 F:/Transformers Rebuild/ExtractedAssets/VerticalSlice/../content/WL_GUN_NEUTRON_RIFLE/MTL_SHELL_SLUG_DROP_CONCRT_04.wav
L 11.6913 17 2.355 F:/Transformers Rebuild/ExtractedAssets/VerticalSlice/../content/WL_GUN_HANDCANNON/GUN_HANDCANNON_SHOOT_LR_01.wav
L 11.6913 18 0.413 F:/Transformers Rebuild/ExtractedAssets/VerticalSlice/../content/WL_GUN_FOLEY/LOW_AMMO_WARNING_01.wav
L 11.6913 19 1.621 F:/Transformers Rebuild/ExtractedAssets/VerticalSlice/../content/WL_GUN_ION_BLASTER/GUN_ION_BLASTER_TAIL.wav
L 11.6914 20 0.560 F:/Transformers Rebuild/ExtractedAssets/VerticalSlice/../content/WL_GUN_FOLEY/RELOAD_SERVO_MECH_05.wav
L 11.6914 21 0.509 F:/Transformers Rebuild/ExtractedAssets/VerticalSlice/../content/WL_GUN_FOLEY/GUN_DW2_REDEEM_RELOAD_START.wav
L 11.6914 22 0.563 F:/Transformers Rebuild/ExtractedAssets/VerticalSlice/../content/WL_GUN_FOLEY/RELOAD_AIR_RELEASE_THUMP.wav
L 11.6915 23 0.520 F:/Transformers Rebuild/ExtractedAssets/VerticalSlice/../content/WL_FOLY_BOT/SERVO_IDLE_FOLY_01.wav
L 11.6915 24 0.749 F:/Transformers Rebuild/ExtractedAssets/VerticalSlice/../content/WL_FOLY_BOT/SERVO_IDLE_FOLY_04.wav
L 11.6915 25 0.541 F:/Transformers Rebuild/ExtractedAssets/VerticalSlice/../content/WL_GUN_FOLEY/GUN_RIFLE_CLIP_RELOAD.wav
L 11.6916 26 0.784 F:/Transformers Rebuild/ExtractedAssets/VerticalSlice/../content/WL_GUN_ION_BLASTER/TRANS_ION_UNEQUIP_SERVOS.wav
L 11.6916 27 0.912 F:/Transformers Rebuild/ExtractedAssets/VerticalSlice/../content/WL_GUN_PULSE_RIFLE/GUN_FOLEY_MG_SERVO_MTL_SYNTH_02.wav
L 11.6916 28 0.224 F:/Transformers Rebuild/ExtractedAssets/VerticalSlice/../content/WL_GUN_FOLEY/RELOAD_BOLT_07.wav
L 11.6917 29 0.224 F:/Transformers Rebuild/ExtractedAssets/VerticalSlice/../content/WL_GUN_FOLEY/RELOAD_BOLT_07.wav
L 11.6917 30 0.224 F:/Transformers Rebuild/ExtractedAssets/VerticalSlice/../content/WL_GUN_FOLEY/RELOAD_BOLT_07.wav
L 11.6917 31 1.043 F:/Transformers Rebuild/ExtractedAssets/VerticalSlice/../content/WL_GUN_FOLEY/RELOAD_FLANGE_02.wav
L 11.6919 32 1.093 F:/Transformers Rebuild/ExtractedAssets/VerticalSlice/../content/WL_GUN_FOLEY/RELOAD_SYNTH_BUBBLE.wav
L 11.6920 33 0.400 F:/Transformers Rebuild/ExtractedAssets/VerticalSlice/../content/WL_GUN_FOLEY/RELOAD_MTL_SCRAPE_03.wav
L 11.6920 34 0.224 F:/Transformers Rebuild/ExtractedAssets/VerticalSlice/../content/WL_GUN_FOLEY/RELOAD_BOLT_07.wav
L 11.6920 35 0.784 F:/Transformers Rebuild/ExtractedAssets/VerticalSlice/../content/WL_GUN_ION_BLASTER/TRANS_ION_UNEQUIP_SERVOS.wav
L 11.6921 36 0.243 F:/Transformers Rebuild/ExtractedAssets/VerticalSlice/../content/WL_GUN_FOLEY/GUNf_MVMNT_03.wav
L 11.6921 37 0.461 F:/Transformers Rebuild/ExtractedAssets/VerticalSlice/../content/WL_GUN_FOLEY/GUNf_MVMNT_01.wav
L 11.6921 38 0.707 F:/Transformers Rebuild/ExtractedAssets/VerticalSlice/../content/WL_GUN_ION_BLASTER/TRANS_ION_EQUIP_SERVOS.wav
L 11.6922 39 0.784 F:/Transformers Rebuild/ExtractedAssets/VerticalSlice/../content/WL_GUN_ION_BLASTER/TRANS_ION_UNEQUIP_SERVOS.wav
L 11.6922 40 0.584 F:/Transformers Rebuild/ExtractedAssets/VerticalSlice/../content/WL_GUN_FOLEY/GUN_RIFLE_BOLT_ACTION.wav
L 11.6922 41 0.931 F:/Transformers Rebuild/ExtractedAssets/VerticalSlice/../content/WL_ELEC/ELEC_SPARKBLAST_FLANGE_01.wav
L 11.6923 42 0.875 F:/Transformers Rebuild/ExtractedAssets/VerticalSlice/../content/WL_ELEC/ELEC_SPARKBLAST_FLANGE_02.wav
L 11.6923 43 1.259 F:/Transformers Rebuild/ExtractedAssets/VerticalSlice/../content/WL_ELEC/ELEC_SPARKBLAST_FLANGE_03.wav
L 11.6923 44 1.357 F:/Transformers Rebuild/ExtractedAssets/VerticalSlice/../content/WL_ELEC/ELEC_SPARKBLAST_FLANGE_04.wav
L 11.6923 45 0.416 F:/Transformers Rebuild/ExtractedAssets/VerticalSlice/../content/WL_WPN_BULLET_IMPT/MTL_BULLET_IMPT_SHEET_01.wav
L 11.6924 46 0.355 F:/Transformers Rebuild/ExtractedAssets/VerticalSlice/../content/WL_WPN_BULLET_IMPT/MTL_BULLET_IMPT_SHEET_02.wav
L 11.6924 47 0.469 F:/Transformers Rebuild/ExtractedAssets/VerticalSlice/../content/WL_WPN_BULLET_IMPT/MTL_BULLET_IMPT_SHEET_03.wav
L 11.6924 48 0.352 F:/Transformers Rebuild/ExtractedAssets/VerticalSlice/../content/WL_WPN_BULLET_IMPT/MTL_BULLET_IMPT_SHEET_04.wav
L 11.6925 49 0.616 F:/Transformers Rebuild/ExtractedAssets/VerticalSlice/../content/WL_WPN_BULLET_IMPT/MTL_BULLET_IMPT_SHEET_05.wav
L 11.6925 50 0.400 F:/Transformers Rebuild/ExtractedAssets/VerticalSlice/../content/WL_WPN_BULLET_IMPT/MTL_BULLET_IMPT_SHEET_06.wav
L 11.6925 51 1.141 F:/Transformers Rebuild/ExtractedAssets/VerticalSlice/../content/WL_MTL_MELEE_IMPT/MTL_MELEE_IMPT_01.wav
L 11.6925 52 1.024 F:/Transformers Rebuild/ExtractedAssets/VerticalSlice/../content/WL_MTL_MELEE_IMPT/MTL_MELEE_IMPT_02.wav
L 11.6926 53 1.160 F:/Transformers Rebuild/ExtractedAssets/VerticalSlice/../content/WL_MTL_MELEE_IMPT/MTL_MELEE_IMPT_03.wav
L 11.6926 54 1.077 F:/Transformers Rebuild/ExtractedAssets/VerticalSlice/../content/WL_MTL_MELEE_IMPT/MTL_MELEE_IMPT_04.wav
L 11.6926 55 0.307 F:/Transformers Rebuild/ExtractedAssets/VerticalSlice/../content/WL_FS_BOT/SRVO_BOT_FOLY_FS_FILTSWEEP_01.wav
L 11.6927 56 0.259 F:/Transformers Rebuild/ExtractedAssets/VerticalSlice/../content/WL_FS_BOT/SRVO_BOT_FOLY_FS_FILTSWEEP_02.wav
L 11.6927 57 0.288 F:/Transformers Rebuild/ExtractedAssets/VerticalSlice/../content/WL_FS_BOT/SRVO_BOT_FOLY_FS_FILTSWEEP_03.wav
L 11.6927 58 0.293 F:/Transformers Rebuild/ExtractedAssets/VerticalSlice/../content/WL_FS_BOT/SRVO_BOT_FOLY_FS_FILTSWEEP_04.wav
L 11.6928 59 0.365 F:/Transformers Rebuild/ExtractedAssets/VerticalSlice/../content/WL_FS_BOT/SRVO_BOT_FOLY_FS_FILTSWEEP_05.wav
L 11.6928 60 0.280 F:/Transformers Rebuild/ExtractedAssets/VerticalSlice/../content/WL_FS_BOT/SRVO_BOT_FOLY_FS_FILTSWEEP_06.wav
L 11.6928 61 0.821 F:/Transformers Rebuild/ExtractedAssets/VerticalSlice/../content/WL_GUN_FOLEY/DRY_FIRE_ELECTRICITY.wav
L 11.6928 62 0.699 F:/Transformers Rebuild/ExtractedAssets/VerticalSlice/../content/WL_GUN_FOLEY/DRY_FIRE_PLASMA.wav
L 11.6929 63 0.444 F:/Transformers Rebuild/ExtractedAssets/VerticalSlice/../content/WL_ELEC/ELEC_EMP_INTERFERENCE_03.wav
L 11.6929 64 0.537 F:/Transformers Rebuild/ExtractedAssets/VerticalSlice/../content/WL_ELEC/ELEC_EMP_INTERFERENCE_04.wav
L 11.6930 65 0.453 F:/Transformers Rebuild/ExtractedAssets/VerticalSlice/../content/WL_ELEC/ELEC_EMP_INTERFERENCE_05.wav
L 11.6930 66 0.224 F:/Transformers Rebuild/ExtractedAssets/VerticalSlice/../content/WL_GUN_FOLEY/RELOAD_BOLT_07.wav
L 11.6931 67 0.413 F:/Transformers Rebuild/ExtractedAssets/VerticalSlice/../content/WL_GUN_FOLEY/LOW_AMMO_WARNING_01.wav
L 11.6931 68 1.339 F:/Transformers Rebuild/ExtractedAssets/VerticalSlice/../content/WL_TRUCK/SYNTH_ENGINE_ACCEL.wav
L 11.6931 69 1.387 F:/Transformers Rebuild/ExtractedAssets/VerticalSlice/../content/WL_WHSH_JET/WHSH_BOOST_FLARE_LR_03.wav
L 11.6932 70 0.429 F:/Transformers Rebuild/ExtractedAssets/VerticalSlice/../content/WL_TRUCK/SYNTH_AIR_RELEASE_04.wav
L 11.6932 71 0.696 F:/Transformers Rebuild/ExtractedAssets/VerticalSlice/../content/WL_TRUCK/SYNTH_AIR_RELEASE_08.wav
L 11.6932 72 3.381 F:/Transformers Rebuild/ExtractedAssets/VerticalSlice/../content/WL_TRUCK/AUTO_OPTIMUS_BOOST_START_LR.wav
L 11.6933 73 2.587 F:/Transformers Rebuild/ExtractedAssets/VerticalSlice/../content/WL_TRUCK/SYNTH_ENERGY_MOD_PAN_LP.wav
L 11.6933 74 3.403 F:/Transformers Rebuild/ExtractedAssets/VerticalSlice/../content/WL_TRUCK/MECH_OPTIMUS_TIRE_NOISE_02_LP.wav
L 11.6933 75 2.773 F:/Transformers Rebuild/ExtractedAssets/VerticalSlice/../content/WL_PLANE/JET_TURBO_WHINE_LP.wav
L 11.6934 76 3.083 F:/Transformers Rebuild/ExtractedAssets/VerticalSlice/../content/WL_TRUCK/AUTO_OPTIMUS_ENGINE_BOOST_LR_LP.wav
L 11.6934 77 3.917 F:/Transformers Rebuild/ExtractedAssets/VerticalSlice/../content/WL_TRUCK/AUTO_OPTIMUS_ENGINE_MID_LR_LP.wav
L 11.6934 78 1.093 F:/Transformers Rebuild/ExtractedAssets/VerticalSlice/../content/WL_WHSH_JET/WHSH_BOOST_FINISH_01_LR.wav
L 11.6935 79 0.635 F:/Transformers Rebuild/ExtractedAssets/VerticalSlice/../content/WL_WHSH_JET/WHSH_BOOST_FINISH_01_LSRS.wav
L 11.6935 80 0.880 F:/Transformers Rebuild/ExtractedAssets/VerticalSlice/../content/WL_TRUCK/SYNTH_AIR_RELEASE_02.wav
L 11.6935 81 0.632 F:/Transformers Rebuild/ExtractedAssets/VerticalSlice/../content/WL_TRUCK/SYNTH_AIR_RELEASE_07.wav
L 11.6935 82 1.811 F:/Transformers Rebuild/ExtractedAssets/VerticalSlice/../content/WL_TRUCK/AUTO_OPTIMUS_BOOST_END_LR.wav
L 11.6936 83 1.352 F:/Transformers Rebuild/ExtractedAssets/VerticalSlice/../content/WL_TRUCK/AUTO_BOOST_PEELOUT_TRUCK.wav
L 11.6936 84 1.339 F:/Transformers Rebuild/ExtractedAssets/VerticalSlice/../content/WL_TRUCK/SYNTH_ENGINE_ACCEL.wav
L 11.6936 85 1.387 F:/Transformers Rebuild/ExtractedAssets/VerticalSlice/../content/WL_WHSH_JET/WHSH_BOOST_FLARE_LR_03.wav
L 11.6937 86 0.429 F:/Transformers Rebuild/ExtractedAssets/VerticalSlice/../content/WL_TRUCK/SYNTH_AIR_RELEASE_04.wav
L 11.6937 87 0.696 F:/Transformers Rebuild/ExtractedAssets/VerticalSlice/../content/WL_TRUCK/SYNTH_AIR_RELEASE_08.wav
L 11.6937 88 3.381 F:/Transformers Rebuild/ExtractedAssets/VerticalSlice/../content/WL_TRUCK/AUTO_OPTIMUS_BOOST_START_LR.wav
L 11.6937 89 0.632 F:/Transformers Rebuild/ExtractedAssets/VerticalSlice/../content/WL_TRUCK/SYNTH_AIR_RELEASE_07.wav
L 11.6938 90 0.845 F:/Transformers Rebuild/ExtractedAssets/VerticalSlice/../content/WL_TRUCK/MECH_TRANS_RAM_ACTIVATE.wav
L 11.6938 91 1.387 F:/Transformers Rebuild/ExtractedAssets/VerticalSlice/../content/WL_WHSH_JET/WHSH_BOOST_FLARE_LR_03.wav
L 11.6938 92 0.696 F:/Transformers Rebuild/ExtractedAssets/VerticalSlice/../content/WL_TRUCK/SYNTH_AIR_RELEASE_08.wav
L 11.6938 93 3.381 F:/Transformers Rebuild/ExtractedAssets/VerticalSlice/../content/WL_TRUCK/AUTO_OPTIMUS_BOOST_START_LR.wav
L 11.6939 94 0.845 F:/Transformers Rebuild/ExtractedAssets/VerticalSlice/../content/WL_TRUCK/MECH_TRANS_RAM_ACTIVATE.wav
L 11.6939 95 1.811 F:/Transformers Rebuild/ExtractedAssets/VerticalSlice/../content/WL_TRUCK/AUTO_OPTIMUS_BOOST_END_LR.wav
L 11.6939 96 1.229 F:/Transformers Rebuild/ExtractedAssets/VerticalSlice/../content/WL_MECH/MECH_ORB_ARM_04.wav
L 11.6939 97 1.437 F:/Transformers Rebuild/ExtractedAssets/VerticalSlice/../content/WL_TRUCK/MECH_IMPT_VEHICLE_RAM_01.wav
L 11.6940 98 1.547 F:/Transformers Rebuild/ExtractedAssets/VerticalSlice/../content/WL_TRUCK/MECH_IMPT_VEHICLE_RAM_02.wav
L 11.6940 99 1.400 F:/Transformers Rebuild/ExtractedAssets/VerticalSlice/../content/WL_TRUCK/MECH_IMPT_VEHICLE_RAM_03.wav
L 11.6941 100 2.587 F:/Transformers Rebuild/ExtractedAssets/VerticalSlice/../content/WL_TRUCK/SYNTH_ENERGY_MOD_PAN_LP.wav
L 11.6941 101 3.917 F:/Transformers Rebuild/ExtractedAssets/VerticalSlice/../content/WL_TRUCK/AUTO_OPTIMUS_ENGINE_MID_LR_LP.wav
L 11.6941 102 2.587 F:/Transformers Rebuild/ExtractedAssets/VerticalSlice/../content/WL_TRUCK/SYNTH_ENERGY_MOD_PAN_LP.wav
L 11.6941 103 2.667 F:/Transformers Rebuild/ExtractedAssets/VerticalSlice/../content/WL_TRUCK/AUTO_OPTIMUS_IDLE_LR_LP.wav
L 11.6942 104 3.917 F:/Transformers Rebuild/ExtractedAssets/VerticalSlice/../content/WL_TRUCK/AUTO_OPTIMUS_ENGINE_MID_LR_LP.wav
L 11.6942 105 0.429 F:/Transformers Rebuild/ExtractedAssets/VerticalSlice/../content/WL_TRUCK/SYNTH_AIR_RELEASE_04.wav
L 11.6942 106 1.056 F:/Transformers Rebuild/ExtractedAssets/VerticalSlice/../content/WL_TANK/TANK_JUMP_LR.wav
L 11.6942 107 2.373 F:/Transformers Rebuild/ExtractedAssets/VerticalSlice/../content/WL_TRUCK/AUTO_OPTIMUS_JUMP_LR.wav
L 11.6943 108 2.587 F:/Transformers Rebuild/ExtractedAssets/VerticalSlice/../content/WL_TRUCK/SYNTH_ENERGY_MOD_PAN_LP.wav
L 11.6943 109 2.667 F:/Transformers Rebuild/ExtractedAssets/VerticalSlice/../content/WL_TRUCK/AUTO_OPTIMUS_IDLE_LR_LP.wav
L 11.6943 110 1.016 F:/Transformers Rebuild/ExtractedAssets/VerticalSlice/../content/WL_TANK/MECH_TANK_LAND_LIGHT_01.wav
L 11.6944 111 0.947 F:/Transformers Rebuild/ExtractedAssets/VerticalSlice/../content/WL_TANK/MECH_TANK_LAND_LIGHT_02.wav
L 11.6944 112 0.923 F:/Transformers Rebuild/ExtractedAssets/VerticalSlice/../content/WL_TANK/MECH_TANK_LAND_LIGHT_03.wav
L 11.6944 113 1.789 F:/Transformers Rebuild/ExtractedAssets/VerticalSlice/../content/WL_TANK/MECH_TANK_LAND_HARD_01.wav
L 11.6944 114 1.477 F:/Transformers Rebuild/ExtractedAssets/VerticalSlice/../content/WL_TANK/MECH_TANK_LAND_HARD_02.wav
L 11.6945 115 1.400 F:/Transformers Rebuild/ExtractedAssets/VerticalSlice/../content/WL_TANK/MECH_TANK_LAND_HARD_03.wav
L 11.6945 116 1.088 F:/Transformers Rebuild/ExtractedAssets/VerticalSlice/../content/WL_TRUCK/MECH_TRUCK_LAND_HEAVY_01.wav
L 11.6945 117 1.037 F:/Transformers Rebuild/ExtractedAssets/VerticalSlice/../content/WL_TRUCK/MECH_TRUCK_LAND_HEAVY_02.wav
L 11.6946 118 0.984 F:/Transformers Rebuild/ExtractedAssets/VerticalSlice/../content/WL_TRUCK/MECH_TRUCK_LAND_HEAVY_03.wav
L 11.6946 119 1.451 F:/Transformers Rebuild/ExtractedAssets/VerticalSlice/../content/WL_TRUCK/AIR_SEMI_RELEASE_09.wav
L 11.6946 120 1.547 F:/Transformers Rebuild/ExtractedAssets/VerticalSlice/../content/WL_TRUCK/MECH_TRUCK_BOTTOM_OUT_01.wav
L 11.6946 121 1.603 F:/Transformers Rebuild/ExtractedAssets/VerticalSlice/../content/WL_TRUCK/MECH_TRUCK_BOTTOM_OUT_02.wav
L 11.6947 122 1.661 F:/Transformers Rebuild/ExtractedAssets/VerticalSlice/../content/WL_TRUCK/MECH_TRUCK_BOTTOM_OUT_03.wav
L 11.6947 123 1.229 F:/Transformers Rebuild/ExtractedAssets/VerticalSlice/../content/WL_AUTO/AUTO_BOOST_PEELOUT_CAR.wav
L 11.6950 124 3.493 F:/Transformers Rebuild/ExtractedAssets/VerticalSlice/../content/WL_EVENT_IACON/EVENT_IACON_BRIDGE_TRANSFORM_GEARS.wav
L 11.6950 125 0.563 F:/Transformers Rebuild/ExtractedAssets/VerticalSlice/../content/WL_GUN_FOLEY/RELOAD_AIR_RELEASE_THUMP.wav
H 11.7792 370.229 -719.284 -337.569
V 11.7821 4096 72 1 0 363.514 -723.008 -341.763 50.00 350.00
V 11.7821 4097 69 1 0 363.514 -723.008 -341.763 50.00 350.00
U 11.7821 4096 363.514 -723.008 -341.763 0.160 0.867
U 11.7832 4096 363.514 -723.008 -341.763 0.160 0.867
U 11.7842 4096 363.514 -723.008 -341.763 0.160 0.867
U 11.7852 4096 363.514 -723.008 -341.763 0.160 0.867
U 11.7862 4096 363.514 -723.008 -341.763 0.160 0.867
H 12.1081 370.308 -719.284 -337.905
U 12.1093 4096 363.514 -723.008 -341.763 0.160 0.867
U 12.1104 4096 363.514 -723.008 -341.763 0.160 0.867
U 12.1114 4096 363.514 -723.008 -341.763 0.160 0.867
V 12.1124 4098 68 1 0 363.514 -723.008 -341.763 50.00 350.00
U 12.1125 4096 363.514 -723.008 -341.763 0.160 0.867
U 12.1135 4096 363.514 -723.008 -341.763 0.160 0.867
U 12.1145 4096 363.514 -723.008 -341.763 0.160 0.867
U 12.1155 4096 363.514 -723.008 -341.763 0.160 0.867
U 12.1166 4096 363.514 -723.008 -341.763 0.160 0.867
H 12.1259 370.270 -719.284 -339.028
U 12.1272 4096 363.514 -723.008 -341.763 0.160 0.867
H 12.1326 370.208 -719.284 -339.135
H 12.1379 370.218 -719.284 -339.159
H 12.1436 370.226 -719.284 -339.179
V 12.1448 4099 70 1 0 363.514 -723.008 -341.763 50.00 350.00
U 12.1448 4096 363.514 -723.008 -341.763 0.160 0.867
H 12.1500 370.140 -719.284 -339.243
H 12.1552 370.149 -719.284 -339.266
H 12.1607 370.156 -719.284 -339.286
U 12.1619 4096 363.514 -723.008 -341.763 0.160 0.867
H 12.1678 370.063 -719.284 -339.352
H 12.1728 370.073 -719.284 -339.378
H 12.1782 370.080 -719.284 -339.397
U 12.1794 4096 363.514 -723.008 -341.763 0.160 0.867
H 12.1844 369.980 -719.284 -339.465
H 12.1895 369.988 -719.284 -339.487
H 12.1950 369.995 -719.284 -339.506
U 12.1962 4096 363.514 -723.008 -341.763 0.160 0.867
H 12.2014 369.889 -719.284 -339.577
H 12.2067 369.897 -719.284 -339.601
H 12.2122 369.904 -719.284 -339.621
U 12.2133 4096 363.514 -723.008 -341.763 0.160 0.867
H 12.2188 369.791 -719.284 -339.693
H 12.2240 369.800 -719.284 -339.718
H 12.2299 369.806 -719.284 -339.738
U 12.2322 4096 363.514 -723.008 -341.763 0.160 0.867
H 12.2402 369.687 -719.284 -339.814
H 12.2459 369.700 -719.284 -339.853
U 12.2471 4096 363.514 -723.008 -341.763 0.160 0.867
H 12.2527 369.573 -719.284 -339.931
H 12.2580 369.581 -719.284 -339.956
H 12.2631 369.588 -719.284 -339.976
U 12.2642 4096 363.514 -723.008 -341.763 0.160 0.867
H 12.2704 369.454 -719.284 -340.054
H 12.2758 369.462 -719.284 -340.081
U 12.2770 4096 363.514 -723.008 -341.763 0.160 0.867
H 12.2822 369.322 -719.284 -340.162
H 12.2879 369.329 -719.284 -340.186
H 12.2931 369.336 -719.284 -340.207
V 12.2942 4100 71 1 0 363.514 -723.008 -341.763 50.00 350.00
U 12.2942 4096 363.514 -723.008 -341.763 0.160 0.867
H 12.2999 369.188 -719.284 -340.289
H 12.3052 369.196 -719.284 -340.315
H 12.3104 369.202 -719.284 -340.335
U 12.3115 4096 363.514 -723.008 -341.763 0.160 0.867
H 12.3167 369.047 -719.284 -340.418
H 12.3224 369.054 -719.284 -340.442
H 12.3280 369.060 -719.284 -340.464
U 12.3293 4096 363.514 -723.008 -341.763 0.160 0.867
H 12.3372 368.899 -719.284 -340.550
H 12.3440 368.909 -719.284 -340.585
V 12.3454 4101 75 1 1 361.126 -723.007 -342.815 50.00 350.00
V 12.3454 4102 74 1 1 361.126 -723.007 -342.815 50.00 350.00
V 12.3454 4103 73 1 1 361.126 -723.007 -342.815 50.00 350.00
U 12.3454 4096 363.514 -723.008 -341.763 0.160 0.867
U 12.3454 4101 361.126 -723.007 -342.815 0.021 0.707
U 12.3454 4102 361.126 -723.007 -342.815 0.134 0.946
U 12.3454 4103 361.126 -723.007 -342.815 0.018 0.959
H 12.3518 368.742 -719.284 -340.678
H 12.3583 368.750 -719.284 -340.708
V 12.3602 4104 76 1 1 360.945 -723.007 -342.883 50.00 350.00
V 12.3602 4105 77 1 1 360.945 -723.007 -342.883 50.00 350.00
U 12.3602 4096 363.514 -723.008 -341.763 0.160 0.867
U 12.3602 4101 360.945 -723.007 -342.883 0.025 0.713
U 12.3602 4102 360.945 -723.007 -342.883 0.141 0.952
U 12.3602 4103 360.945 -723.007 -342.883 0.019 0.964
U 12.3602 4104 360.945 -723.007 -342.883 0.007 1.117
U 12.3602 4105 360.945 -723.007 -342.883 0.007 1.117
H 12.3683 368.576 -719.284 -340.801
H 12.3747 368.586 -719.284 -340.839
H 12.3803 368.593 -719.284 -340.863
U 12.3815 4096 363.514 -723.008 -341.763 0.160 0.867
U 12.3815 4101 360.757 -723.007 -342.953 0.028 0.719
U 12.3815 4102 360.757 -723.007 -342.953 0.148 0.958
U 12.3815 4103 360.757 -723.007 -342.953 0.019 0.968
U 12.3815 4104 360.757 -723.007 -342.953 0.010 1.147
U 12.3815 4105 360.757 -723.007 -342.953 0.010 1.147
H 12.3909 368.410 -719.284 -340.954
H 12.3962 368.421 -719.284 -340.995
U 12.3974 4096 363.514 -723.008 -341.763 0.160 0.867
U 12.3974 4101 360.562 -723.008 -343.023 0.031 0.725
U 12.3974 4102 360.562 -723.008 -343.023 0.155 0.964
U 12.3974 4103 360.562 -723.008 -343.023 0.020 0.973
U 12.3974 4104 360.562 -723.008 -343.023 0.013 1.177
U 12.3975 4105 360.562 -723.008 -343.023 0.013 1.177
H 12.4035 368.231 -719.284 -341.086
H 12.4091 368.238 -719.284 -341.114
U 12.4103 4096 363.514 -723.008 -341.763 0.160 0.867
U 12.4103 4101 360.360 -723.008 -343.095 0.035 0.731
U 12.4103 4102 360.360 -723.008 -343.095 0.162 0.971
U 12.4103 4103 360.360 -723.008 -343.095 0.020 0.978
U 12.4103 4104 360.360 -723.008 -343.095 0.016 1.208
U 12.4103 4105 360.360 -723.008 -343.095 0.016 1.208
H 12.4154 368.042 -719.284 -341.207
H 12.4205 368.048 -719.284 -341.232
H 12.4261 368.052 -719.284 -341.251
U 12.4273 4096 363.514 -723.008 -341.763 0.160 0.867
U 12.4273 4101 360.152 -723.007 -343.168 0.038 0.737
U 12.4273 4102 360.152 -723.007 -343.168 0.168 0.977
U 12.4273 4103 360.152 -723.007 -343.168 0.021 0.983
U 12.4273 4104 360.152 -723.007 -343.168 0.019 1.241
U 12.4273 4105 360.152 -723.007 -343.168 0.019 1.241
H 12.4331 367.849 -719.284 -341.346
H 12.4382 367.855 -719.284 -341.372
H 12.4438 367.860 -719.284 -341.392
U 12.4449 4096 363.514 -723.008 -341.763 0.160 0.867
U 12.4449 4101 359.936 -723.007 -343.242 0.041 0.743
U 12.4449 4102 359.936 -723.007 -343.242 0.175 0.983
U 12.4449 4103 359.936 -723.007 -343.242 0.022 0.987
U 12.4450 4104 359.936 -723.007 -343.242 0.021 1.273
U 12.4450 4105 359.936 -723.007 -343.242 0.021 1.273
H 12.4499 367.649 -719.284 -341.488
H 12.4547 367.655 -719.284 -341.511
H 12.4599 367.659 -719.284 -341.530
U 12.4610 4096 363.514 -723.008 -341.763 0.160 0.867
U 12.4610 4101 359.714 -723.007 -343.317 0.045 0.749
U 12.4610 4102 359.714 -723.007 -343.317 0.182 0.990
U 12.4610 4103 359.714 -723.007 -343.317 0.022 0.992
U 12.4610 4104 359.714 -723.007 -343.317 0.024 1.307
U 12.4610 4105 359.714 -723.007 -343.317 0.024 1.307
H 12.4664 367.441 -719.284 -341.625
H 12.4715 367.446 -719.284 -341.650
H 12.4779 367.451 -719.284 -341.669
U 12.4791 4096 363.514 -723.008 -341.763 0.160 0.867
U 12.4791 4101 359.485 -723.008 -343.392 0.048 0.755
U 12.4791 4102 359.485 -723.008 -343.392 0.189 0.996
U 12.4791 4103 359.485 -723.008 -343.392 0.023 0.997
U 12.4791 4104 359.485 -723.008 -343.392 0.027 1.342
U 12.4791 4105 359.485 -723.008 -343.392 0.027 1.342
H 12.4843 367.227 -719.284 -341.770
H 12.4894 367.232 -719.284 -341.794
H 12.4950 367.236 -719.284 -341.814
U 12.4962 4096 363.514 -723.008 -341.763 0.160 0.867
U 12.4962 4101 359.249 -723.007 -343.468 0.050 0.761
U 12.4962 4102 359.249 -723.007 -343.468 0.196 1.002
U 12.4962 4103 359.249 -723.007 -343.468 0.023 1.002
U 12.4962 4104 359.249 -723.007 -343.468 0.029 1.367
U 12.4962 4105 359.249 -723.007 -343.468 0.029 1.367
H 12.5019 367.004 -719.284 -341.912
H 12.5070 367.009 -719.284 -341.939
H 12.5123 367.013 -719.284 -341.958
V 12.5135 4106 83 1 0 362.567 -723.007 -342.225 50.00 350.00
U 12.5135 4096 363.514 -723.008 -341.763 0.160 0.867
U 12.5135 4101 359.006 -723.007 -343.545 0.051 0.767
U 12.5135 4102 359.006 -723.007 -343.545 0.202 1.009
U 12.5135 4103 359.006 -723.007 -343.545 0.023 1.010
U 12.5135 4104 359.006 -723.007 -343.545 0.032 1.371
U 12.5135 4105 359.006 -723.007 -343.545 0.032 1.371
H 12.5185 366.774 -719.284 -342.056
H 12.5236 366.779 -719.284 -342.080
H 12.5293 366.783 -719.284 -342.100
U 12.5304 4096 363.514 -723.008 -341.763 0.160 0.867
U 12.5305 4101 358.756 -723.007 -343.622 0.051 0.773
U 12.5305 4102 358.756 -723.007 -343.622 0.209 1.015
U 12.5305 4103 358.756 -723.007 -343.622 0.024 1.018
U 12.5305 4104 358.756 -723.007 -343.622 0.035 1.374
U 12.5305 4105 358.756 -723.007 -343.622 0.035 1.374
H 12.5360 366.537 -719.284 -342.198
H 12.5411 366.541 -719.284 -342.225
H 12.5466 366.545 -719.284 -342.244
U 12.5479 4096 363.514 -723.008 -341.763 0.160 0.867
U 12.5479 4101 358.499 -723.007 -343.699 0.051 0.780
U 12.5479 4102 358.499 -723.007 -343.699 0.216 1.022
U 12.5479 4103 358.499 -723.007 -343.699 0.024 1.025
U 12.5479 4104 358.499 -723.007 -343.699 0.037 1.378
U 12.5479 4105 358.499 -723.007 -343.699 0.037 1.378
H 12.5530 366.292 -719.284 -342.343
H 12.5580 366.296 -719.284 -342.368
H 12.5632 366.299 -719.284 -342.387
U 12.5644 4096 363.514 -723.008 -341.763 0.160 0.867
U 12.5644 4101 358.235 -723.007 -343.776 0.051 0.786
U 12.5645 4102 358.235 -723.007 -343.776 0.222 1.028
U 12.5645 4103 358.235 -723.007 -343.776 0.024 1.033
U 12.5645 4104 358.235 -723.007 -343.776 0.040 1.382
U 12.5645 4105 358.235 -723.007 -343.776 0.040 1.382
H 12.5699 366.039 -719.284 -342.485
H 12.5749 366.043 -719.284 -342.511
U 12.5760 4096 363.514 -723.008 -341.763 0.160 0.867
U 12.5760 4101 357.964 -723.007 -343.854 0.052 0.792
U 12.5760 4102 357.964 -723.007 -343.854 0.229 1.035
U 12.5760 4103 357.964 -723.007 -343.854 0.024 1.041
U 12.5760 4104 357.964 -723.007 -343.854 0.043 1.386
U 12.5760 4105 357.964 -723.007 -343.854 0.043 1.386
H 12.5814 365.775 -719.284 -342.608
H 12.5864 365.779 -719.284 -342.634
H 12.5914 365.783 -719.284 -342.653
H 12.5969 365.785 -719.284 -342.673
U 12.5982 4096 363.514 -723.008 -341.763 0.160 0.867
U 12.5982 4101 357.686 -723.007 -343.931 0.052 0.798
U 12.5982 4102 357.686 -723.007 -343.931 0.236 1.041
U 12.5982 4103 357.686 -723.007 -343.931 0.024 1.048
U 12.5982 4104 357.686 -723.007 -343.931 0.046 1.390
U 12.5982 4105 357.686 -723.007 -343.931 0.046 1.390
H 12.6041 365.511 -719.284 -342.771
H 12.6095 365.515 -719.284 -342.800
U 12.6107 4096 363.514 -723.008 -341.763 0.160 0.867
U 12.6107 4101 357.401 -723.008 -344.008 0.052 0.805
U 12.6107 4102 357.401 -723.008 -344.008 0.242 1.048
U 12.6107 4103 357.401 -723.008 -344.008 0.024 1.056
U 12.6107 4104 357.401 -723.008 -344.008 0.048 1.394
U 12.6107 4105 357.401 -723.008 -344.008 0.048 1.394
H 12.6161 365.233 -719.284 -342.898
H 12.6214 365.237 -719.284 -342.924
H 12.6265 365.240 -719.284 -342.944
U 12.6277 4096 363.514 -723.008 -341.763 0.160 0.867
U 12.6277 4101 357.110 -723.008 -344.084 0.052 0.811
U 12.6277 4102 357.110 -723.008 -344.084 0.249 1.055
U 12.6277 4103 357.110 -723.008 -344.084 0.025 1.064
U 12.6277 4104 357.110 -723.008 -344.084 0.051 1.398
U 12.6277 4105 357.110 -723.008 -344.084 0.051 1.398
H 12.6339 364.951 -719.284 -343.041
H 12.6390 364.955 -719.284 -343.070
H 12.6459 364.957 -719.284 -343.090
U 12.6474 4096 363.514 -723.008 -341.763 0.160 0.867
U 12.6474 4101 356.811 -723.007 -344.160 0.053 0.818
U 12.6474 4102 356.811 -723.007 -344.160 0.251 1.061
U 12.6474 4103 356.811 -723.007 -344.160 0.025 1.072
U 12.6474 4104 356.811 -723.007 -344.160 0.054 1.402
U 12.6474 4105 356.811 -723.007 -344.160 0.054 1.402
H 12.6543 364.662 -719.284 -343.193
H 12.6595 364.666 -719.284 -343.226
U 12.6608 4096 363.514 -723.008 -341.763 0.160 0.867
U 12.6608 4101 356.506 -723.007 -344.236 0.053 0.824
U 12.6608 4102 356.506 -723.007 -344.236 0.251 1.068
U 12.6608 4103 356.506 -723.007 -344.236 0.025 1.079
U 12.6608 4104 356.506 -723.007 -344.236 0.056 1.406
U 12.6608 4105 356.506 -723.007 -344.236 0.056 1.406
H 12.6673 364.363 -719.284 -343.322
H 12.6729 364.366 -719.284 -343.353
H 12.6777 364.369 -719.284 -343.375
U 12.6789 4096 363.514 -723.008 -341.763 0.160 0.867
U 12.6789 4101 356.193 -723.008 -344.311 0.053 0.831
U 12.6789 4102 356.193 -723.008 -344.311 0.251 1.074
U 12.6789 4103 356.193 -723.008 -344.311 0.025 1.087
U 12.6789 4104 356.193 -723.008 -344.311 0.059 1.410
U 12.6789 4105 356.193 -723.008 -344.311 0.059 1.410
H 12.6843 364.059 -719.284 -343.468
H 12.6897 364.061 -719.284 -343.494
H 12.6946 364.063 -719.284 -343.515
U 12.6958 4096 363.514 -723.008 -341.763 0.160 0.867
U 12.6958 4101 355.874 -723.007 -344.384 0.054 0.837
U 12.6958 4102 355.874 -723.007 -344.384 0.251 1.081
U 12.6958 4103 355.874 -723.007 -344.384 0.025 1.095
U 12.6958 4104 355.874 -723.007 -344.384 0.062 1.414
U 12.6958 4105 355.874 -723.007 -344.384 0.062 1.414
H 12.7012 363.746 -719.284 -343.608
H 12.7066 363.749 -719.284 -343.635
H 12.7114 363.751 -719.284 -343.656
U 12.7124 4096 363.514 -723.008 -341.763 0.160 0.867
U 12.7124 4101 355.548 -723.007 -344.457 0.054 0.843
U 12.7124 4102 355.548 -723.007 -344.457 0.251 1.088
U 12.7124 4103 355.548 -723.007 -344.457 0.025 1.103
U 12.7124 4104 355.548 -723.007 -344.457 0.064 1.418
U 12.7124 4105 355.548 -723.007 -344.457 0.064 1.418
H 12.7177 363.426 -719.284 -343.747
H 12.7228 363.428 -719.284 -343.772
H 12.7275 363.430 -719.284 -343.792
U 12.7287 4096 363.514 -723.008 -341.763 0.160 0.867
U 12.7288 4101 355.215 -723.008 -344.528 0.054 0.850
U 12.7288 4102 355.215 -723.008 -344.528 0.251 1.094
U 12.7288 4103 355.215 -723.008 -344.528 0.025 1.111
U 12.7288 4104 355.215 -723.008 -344.528 0.067 1.422
U 12.7288 4105 355.215 -723.008 -344.528 0.067 1.422
H 12.7340 363.099 -719.284 -343.882
H 12.7389 363.101 -719.284 -343.908
H 12.7442 363.102 -719.284 -343.927
U 12.7454 4096 363.514 -723.008 -341.763 0.160 0.867
U 12.7454 4101 354.875 -723.007 -344.598 0.054 0.856
U 12.7454 4102 354.875 -723.007 -344.598 0.251 1.101
U 12.7454 4103 354.875 -723.007 -344.598 0.026 1.119
U 12.7454 4104 354.875 -723.007 -344.598 0.070 1.426
U 12.7454 4105 354.875 -723.007 -344.598 0.070 1.426
H 12.7505 362.764 -719.284 -344.018
H 12.7555 362.766 -719.284 -344.042
H 12.7602 362.767 -719.284 -344.062
U 12.7613 4096 363.514 -723.008 -341.763 0.160 0.867
U 12.7613 4101 354.529 -723.007 -344.666 0.055 0.863
U 12.7613 4102 354.529 -723.007 -344.666 0.251 1.108
U 12.7613 4103 354.529 -723.007 -344.666 0.026 1.127
U 12.7613 4104 354.529 -723.007 -344.666 0.073 1.430
U 12.7613 4105 354.529 -723.007 -344.666 0.073 1.430
H 12.7664 362.422 -719.284 -344.149
H 12.7716 362.424 -719.284 -344.174
H 12.7764 362.425 -719.284 -344.194
U 12.7775 4096 363.514 -723.008 -341.763 0.160 0.867
U 12.7775 4101 354.176 -723.007 -344.733 0.055 0.869
U 12.7775 4102 354.176 -723.007 -344.733 0.251 1.114
U 12.7775 4103 354.176 -723.007 -344.733 0.026 1.135
U 12.7775 4104 354.176 -723.007 -344.733 0.075 1.433
U 12.7775 4105 354.176 -723.007 -344.733 0.075 1.433
H 12.7826 362.073 -719.284 -344.280
H 12.7875 362.074 -719.284 -344.304
H 12.7921 362.075 -719.284 -344.324
U 12.7932 4096 363.514 -723.008 -341.763 0.160 0.867
U 12.7932 4101 353.816 -723.007 -344.798 0.055 0.876
U 12.7932 4102 353.816 -723.007 -344.798 0.251 1.121
U 12.7932 4103 353.816 -723.007 -344.798 0.026 1.142
U 12.7932 4104 353.816 -723.007 -344.798 0.078 1.437
U 12.7932 4105 353.816 -723.007 -344.798 0.078 1.437
H 12.7982 361.716 -719.284 -344.406
H 12.8035 361.717 -719.284 -344.431
H 12.8082 361.718 -719.284 -344.451
U 12.8092 4096 363.514 -723.008 -341.763 0.160 0.867
U 12.8092 4101 353.449 -723.007 -344.860 0.055 0.882
U 12.8092 4102 353.449 -723.007 -344.860 0.251 1.127
U 12.8092 4103 353.449 -723.007 -344.860 0.026 1.150
U 12.8093 4104 353.449 -723.007 -344.860 0.081 1.441
U 12.8093 4105 353.449 -723.007 -344.860 0.081 1.441
H 12.8143 361.353 -719.284 -344.532
H 12.8195 361.353 -719.284 -344.557
H 12.8242 361.354 -719.284 -344.577
H 12.8289 361.355 -719.284 -344.596
U 12.8300 4096 363.514 -723.008 -341.763 0.160 0.867
U 12.8300 4101 353.076 -723.007 -344.921 0.056 0.889
U 12.8300 4102 353.076 -723.007 -344.921 0.251 1.134
U 12.8300 4103 353.076 -723.007 -344.921 0.026 1.158
U 12.8300 4104 353.076 -723.007 -344.921 0.083 1.445
U 12.8300 4105 353.076 -723.007 -344.921 0.083 1.445
H 12.8353 360.982 -719.284 -344.675
H 12.8399 360.983 -719.284 -344.700
H 12.8445 360.984 -719.284 -344.718
U 12.8455 4096 363.514 -723.008 -341.763 0.160 0.867
U 12.8455 4101 352.697 -723.007 -344.978 0.056 0.895
U 12.8455 4102 352.697 -723.007 -344.978 0.251 1.140
U 12.8455 4103 352.697 -723.007 -344.978 0.026 1.166
U 12.8455 4104 352.697 -723.007 -344.978 0.086 1.448
U 12.8455 4105 352.697 -723.007 -344.978 0.086 1.448
H 12.8510 360.605 -719.284 -344.794
H 12.8557 360.605 -719.284 -344.820
H 12.8603 360.605 -719.284 -344.838
U 12.8613 4096 363.514 -723.008 -341.763 0.160 0.867
U 12.8613 4101 352.311 -723.007 -345.034 0.056 0.902
U 12.8613 4102 352.311 -723.007 -345.034 0.251 1.147
U 12.8613 4103 352.311 -723.007 -345.034 0.027 1.174
U 12.8613 4104 352.311 -723.007 -345.034 0.089 1.452
U 12.8613 4105 352.311 -723.007 -345.034 0.089 1.452
H 12.8666 360.220 -719.284 -344.912
H 12.8718 360.220 -719.284 -344.937
H 12.8769 360.220 -719.284 -344.957
U 12.8780 4096 363.514 -723.008 -341.763 0.160 0.867
U 12.8780 4101 351.918 -723.008 -345.086 0.057 0.908
U 12.8780 4102 351.918 -723.008 -345.086 0.251 1.153
U 12.8780 4103 351.918 -723.008 -345.086 0.027 1.181
U 12.8781 4104 351.918 -723.008 -345.086 0.091 1.456
U 12.8781 4105 351.918 -723.008 -345.086 0.091 1.456
H 12.8835 359.828 -719.284 -345.030
H 12.8882 359.828 -719.284 -345.056
H 12.8928 359.828 -719.284 -345.074
U 12.8938 4096 363.514 -723.008 -341.763 0.160 0.867
U 12.8939 4101 351.520 -723.007 -345.135 0.057 0.914
U 12.8939 4102 351.520 -723.007 -345.135 0.251 1.160
U 12.8939 4103 351.520 -723.007 -345.135 0.027 1.189
U 12.8939 4104 351.520 -723.007 -345.135 0.094 1.459
U 12.8939 4105 351.520 -723.007 -345.135 0.094 1.459
H 12.8991 359.430 -719.284 -345.142
H 12.9038 359.430 -719.284 -345.167
H 12.9085 359.430 -719.284 -345.185
U 12.9096 4096 363.514 -723.008 -341.763 0.160 0.867
U 12.9096 4101 351.115 -723.008 -345.181 0.057 0.921
U 12.9096 4102 351.115 -723.008 -345.181 0.251 1.166
U 12.9096 4103 351.115 -723.008 -345.181 0.027 1.196
U 12.9096 4104 351.115 -723.008 -345.181 0.097 1.463
U 12.9096 4105 351.115 -723.008 -345.181 0.097 1.463
H 12.9146 359.025 -719.284 -345.250
H 12.9193 359.025 -719.284 -345.274
H 12.9241 359.024 -719.284 -345.293
H 12.9291 359.024 -719.284 -345.311
U 12.9302 4096 363.514 -723.008 -341.763 0.160 0.867
U 12.9302 4101 350.704 -723.008 -345.223 0.057 0.927
U 12.9302 4102 350.704 -723.008 -345.223 0.251 1.172
U 12.9302 4103 350.704 -723.008 -345.223 0.027 1.204
U 12.9302 4104 350.704 -723.008 -345.223 0.100 1.467
U 12.9302 4105 350.704 -723.008 -345.223 0.100 1.467
H 12.9350 358.613 -719.284 -345.374
H 12.9397 358.613 -719.284 -345.397
H 12.9448 358.612 -719.284 -345.416
U 12.9459 4096 363.514 -723.008 -341.763 0.160 0.867
U 12.9459 4101 350.288 -723.007 -345.262 0.057 0.933
U 12.9459 4102 350.288 -723.007 -345.262 0.251 1.178
U 12.9459 4103 350.288 -723.007 -345.262 0.027 1.211
U 12.9459 4104 350.288 -723.007 -345.262 0.102 1.470
U 12.9459 4105 350.288 -723.007 -345.262 0.102 1.470
H 12.9508 358.195 -719.284 -345.475
H 12.9555 358.194 -719.284 -345.498
H 12.9604 358.194 -719.284 -345.517
U 12.9615 4096 363.514 -723.008 -341.763 0.160 0.867
U 12.9615 4101 349.866 -723.007 -345.297 0.058 0.939
U 12.9615 4102 349.866 -723.007 -345.297 0.251 1.184
U 12.9615 4103 349.866 -723.007 -345.297 0.027 1.219
U 12.9615 4104 349.866 -723.007 -345.297 0.105 1.473
U 12.9615 4105 349.866 -723.007 -345.297 0.105 1.473
H 12.9661 357.771 -719.284 -345.571
H 12.9706 357.770 -719.284 -345.594
H 12.9756 357.769 -719.284 -345.611
U 12.9767 4096 363.514 -723.008 -341.763 0.160 0.867
U 12.9767 4101 349.438 -723.007 -345.328 0.058 0.945
U 12.9767 4102 349.438 -723.007 -345.328 0.251 1.190
U 12.9767 4103 349.438 -723.007 -345.328 0.027 1.226
U 12.9767 4104 349.438 -723.007 -345.328 0.108 1.477
U 12.9767 4105 349.438 -723.007 -345.328 0.108 1.477
H 12.9812 357.341 -719.284 -345.662
H 12.9857 357.340 -719.284 -345.684
H 12.9908 357.339 -719.284 -345.702
H 12.9952 357.338 -719.284 -345.722
U 12.9963 4096 363.514 -723.008 -341.763 0.160 0.867
U 12.9963 4101 349.004 -723.007 -345.354 0.058 0.951
U 12.9963 4102 349.004 -723.007 -345.354 0.251 1.196
U 12.9963 4103 349.004 -723.007 -345.354 0.028 1.233
U 12.9963 4104 349.004 -723.007 -345.354 0.110 1.480
U 12.9963 4105 349.004 -723.007 -345.354 0.110 1.480
H 13.0008 356.904 -719.284 -345.766
H 13.0057 356.902 -719.284 -345.788
H 13.0102 356.901 -719.284 -345.807
U 13.0112 4096 363.514 -723.008 -341.763 0.160 0.867
U 13.0112 4101 348.566 -723.007 -345.376 0.058 0.956
U 13.0113 4102 348.566 -723.007 -345.376 0.251 1.202
U 13.0113 4103 348.566 -723.007 -345.376 0.028 1.240
U 13.0113 4104 348.566 -723.007 -345.376 0.113 1.483
U 13.0113 4105 348.566 -723.007 -345.376 0.113 1.483
H 13.0158 356.462 -719.284 -345.847
H 13.0206 356.460 -719.284 -345.869
H 13.0251 356.459 -719.284 -345.888
U 13.0261 4096 363.514 -723.008 -341.763 0.160 0.867
U 13.0261 4101 348.122 -723.008 -345.394 0.059 0.962
U 13.0261 4102 348.122 -723.008 -345.394 0.251 1.207
U 13.0262 4103 348.122 -723.008 -345.394 0.028 1.246
U 13.0262 4104 348.122 -723.008 -345.394 0.116 1.486
U 13.0262 4105 348.122 -723.008 -345.394 0.116 1.486
H 13.0306 356.014 -719.284 -345.923
H 13.0354 356.013 -719.284 -345.945
H 13.0399 356.011 -719.284 -345.964
H 13.0444 356.010 -719.284 -345.982
U 13.0455 4096 363.514 -723.008 -341.763 0.160 0.867
U 13.0455 4101 347.673 -723.007 -345.406 0.059 0.968
U 13.0455 4102 347.673 -723.007 -345.406 0.251 1.213
U 13.0455 4103 347.673 -723.007 -345.406 0.028 1.253
U 13.0455 4104 347.673 -723.007 -345.406 0.118 1.489
U 13.0455 4105 347.673 -723.007 -345.406 0.118 1.489
H 13.0503 355.560 -719.284 -346.012
H 13.0547 355.558 -719.284 -346.035
H 13.0591 355.557 -719.284 -346.052
U 13.0602 4096 363.514 -723.008 -341.763 0.160 0.867
U 13.0602 4101 347.220 -723.007 -345.413 0.059 0.973
U 13.0602 4102 347.220 -723.007 -345.413 0.251 1.218
U 13.0602 4103 347.220 -723.007 -345.413 0.028 1.259
U 13.0602 4104 347.220 -723.007 -345.413 0.121 1.492
U 13.0602 4105 347.220 -723.007 -345.413 0.121 1.492
H 13.0650 355.102 -719.284 -346.077
H 13.0695 355.100 -719.284 -346.100
H 13.0739 355.099 -719.284 -346.118
H 13.0786 355.097 -719.284 -346.135
U 13.0796 4096 363.514 -723.008 -341.763 0.160 0.867
U 13.0796 4101 346.762 -723.007 -345.415 0.059 0.978
U 13.0796 4102 346.762 -723.007 -345.415 0.251 1.223
U 13.0796 4103 346.762 -723.007 -345.415 0.028 1.266
U 13.0796 4104 346.762 -723.007 -345.415 0.124 1.495
U 13.0796 4105 346.762 -723.007 -345.415 0.124 1.495
H 13.0840 354.638 -719.284 -346.155
H 13.0883 354.635 -719.284 -346.177
H 13.0929 354.634 -719.284 -346.194
U 13.0940 4096 363.514 -723.008 -341.763 0.160 0.867
U 13.0940 4101 346.300 -723.007 -345.411 0.059 0.983
U 13.0940 4102 346.300 -723.007 -345.411 0.251 1.228
U 13.0940 4103 346.300 -723.007 -345.411 0.028 1.271
U 13.0940 4104 346.300 -723.007 -345.411 0.127 1.498
U 13.0940 4105 346.300 -723.007 -345.411 0.127 1.498
H 13.0984 354.170 -719.284 -346.208
H 13.1027 354.168 -719.284 -346.230
H 13.1073 354.166 -719.284 -346.247
H 13.1116 354.164 -719.284 -346.265
U 13.1126 4096 363.514 -723.008 -341.763 0.160 0.867
U 13.1126 4101 345.834 -723.007 -345.402 0.060 0.988
U 13.1126 4102 345.834 -723.007 -345.402 0.251 1.233
U 13.1126 4103 345.834 -723.007 -345.402 0.028 1.277
U 13.1126 4104 345.834 -723.007 -345.402 0.129 1.500
U 13.1126 4105 345.834 -723.007 -345.402 0.129 1.500
H 13.1170 353.696 -719.284 -346.272
H 13.1219 353.694 -719.284 -346.294
H 13.1262 353.692 -719.284 -346.313
U 13.1272 4096 363.514 -723.008 -341.763 0.160 0.867
U 13.1272 4101 345.365 -723.007 -345.387 0.060 0.992
U 13.1272 4102 345.365 -723.007 -345.387 0.251 1.237
U 13.1272 4103 345.365 -723.007 -345.387 0.028 1.283
U 13.1272 4104 345.365 -723.007 -345.387 0.132 1.503
U 13.1272 4105 345.365 -723.007 -345.387 0.132 1.503
H 13.1315 353.220 -719.284 -346.314
H 13.1361 353.218 -719.284 -346.335
H 13.1404 353.216 -719.284 -346.353
H 13.1448 353.214 -719.284 -346.370
U 13.1458 4096 363.514 -723.008 -341.763 0.160 0.867
U 13.1459 4101 344.892 -723.007 -345.365 0.060 0.996
U 13.1459 4102 344.892 -723.007 -345.365 0.251 1.241
U 13.1459 4103 344.892 -723.007 -345.365 0.029 1.288
U 13.1459 4104 344.892 -723.007 -345.365 0.135 1.505
U 13.1459 4105 344.892 -723.007 -345.365 0.135 1.505
H 13.1506 352.739 -719.284 -346.366
H 13.1549 352.736 -719.284 -346.389
H 13.1594 352.733 -719.284 -346.406
U 13.1605 4096 363.514 -723.008 -341.763 0.160 0.867
U 13.1605 4101 344.416 -723.008 -345.338 0.060 1.000
U 13.1605 4102 344.416 -723.008 -345.338 0.251 1.245
U 13.1605 4103 344.416 -723.008 -345.338 0.029 1.293
U 13.1605 4104 344.416 -723.008 -345.338 0.137 1.507
U 13.1605 4105 344.416 -723.008 -345.338 0.137 1.507
H 13.1652 352.255 -719.284 -346.396
H 13.1695 352.252 -719.284 -346.418
H 13.1737 352.250 -719.284 -346.435
H 13.1782 352.247 -719.284 -346.452
U 13.1792 4096 363.514 -723.008 -341.763 0.160 0.867
U 13.1792 4101 343.937 -723.007 -345.304 0.060 1.004
U 13.1792 4102 343.937 -723.007 -345.304 0.251 1.249
U 13.1792 4103 343.937 -723.007 -345.304 0.029 1.297
U 13.1792 4104 343.937 -723.007 -345.304 0.140 1.509
U 13.1792 4105 343.937 -723.007 -345.304 0.140 1.509
H 13.1835 351.766 -719.284 -346.435
H 13.1879 351.763 -719.284 -346.456
H 13.1925 351.760 -719.284 -346.473
U 13.1935 4096 363.514 -723.008 -341.763 0.160 0.867
U 13.1935 4101 343.456 -723.007 -345.263 0.060 1.008
U 13.1936 4102 343.456 -723.007 -345.263 0.251 1.252
U 13.1936 4103 343.456 -723.007 -345.263 0.029 1.301
U 13.1936 4104 343.456 -723.007 -345.263 0.143 1.511
U 13.1936 4105 343.456 -723.007 -345.263 0.143 1.511
H 13.1979 351.277 -719.284 -346.451
H 13.2022 351.273 -719.284 -346.472
H 13.2068 351.271 -719.284 -346.489
H 13.2110 351.268 -719.284 -346.507
U 13.2120 4096 363.514 -723.008 -341.763 0.160 0.867
U 13.2120 4101 342.973 -723.008 -345.216 0.060 1.011
U 13.2120 4102 342.973 -723.008 -345.216 0.251 1.256
U 13.2120 4103 342.973 -723.008 -345.216 0.029 1.305
U 13.2120 4104 342.973 -723.008 -345.216 0.145 1.513
U 13.2120 4105 342.973 -723.008 -345.216 0.145 1.513
H 13.2163 350.782 -719.284 -346.476
H 13.2208 350.779 -719.284 -346.497
H 13.2249 350.776 -719.284 -346.514
U 13.2260 4096 363.514 -723.008 -341.763 0.160 0.867
U 13.2260 4101 342.488 -723.007 -345.162 0.060 1.014
U 13.2260 4102 342.488 -723.007 -345.162 0.251 1.259
U 13.2260 4103 342.488 -723.007 -345.162 0.029 1.309
U 13.2260 4104 342.488 -723.007 -345.162 0.148 1.515
U 13.2260 4105 342.488 -723.007 -345.162 0.148 1.515
H 13.2302 350.288 -719.284 -346.477
H 13.2348 350.284 -719.284 -346.497
H 13.2390 350.281 -719.284 -346.515
H 13.2433 349.571 -719.393 -346.407
U 13.2443 4096 363.514 -723.008 -341.763 0.160 0.867
U 13.2443 4101 342.001 -723.008 -345.102 0.061 1.017
U 13.2443 4102 342.001 -723.008 -345.102 0.251 1.261
U 13.2444 4103 342.001 -723.008 -345.102 0.029 1.312
U 13.2444 4104 342.001 -723.008 -345.102 0.151 1.516
U 13.2444 4105 342.001 -723.008 -345.102 0.151 1.516
H 13.2490 349.789 -719.284 -346.487
H 13.2533 349.785 -719.284 -346.510
H 13.2576 349.782 -719.284 -346.526
H 13.2624 349.779 -719.284 -346.543
U 13.2634 4096 363.514 -723.008 -341.763 0.160 0.867
U 13.2635 4101 341.513 -723.007 -345.034 0.061 1.019
U 13.2635 4102 341.513 -723.007 -345.034 0.251 1.264
U 13.2635 4103 341.513 -723.007 -345.034 0.029 1.315
U 13.2635 4104 341.513 -723.007 -345.034 0.154 1.517
U 13.2635 4105 341.513 -723.007 -345.034 0.154 1.517
H 13.2677 349.288 -719.284 -346.494
H 13.2720 349.284 -719.284 -346.515
H 13.2767 349.281 -719.284 -346.532
U 13.2778 4096 363.514 -723.008 -341.763 0.160 0.867
U 13.2778 4101 341.025 -723.007 -344.960 0.061 1.021
U 13.2778 4102 341.025 -723.007 -344.960 0.251 1.266
U 13.2778 4103 341.025 -723.007 -344.960 0.029 1.318
U 13.2778 4104 341.025 -723.007 -344.960 0.156 1.518
U 13.2778 4105 341.025 -723.007 -344.960 0.156 1.518
H 13.2821 348.789 -719.284 -346.476
H 13.2863 348.785 -719.284 -346.497
H 13.2907 348.781 -719.284 -346.513
H 13.2948 348.778 -719.284 -346.530
U 13.2959 4096 363.514 -723.008 -341.763 0.160 0.867
U 13.2959 4101 340.536 -723.007 -344.879 0.061 1.023
U 13.2959 4102 340.536 -723.007 -344.879 0.251 1.268
U 13.2959 4103 340.536 -723.007 -344.879 0.029 1.320
U 13.2959 4104 340.536 -723.007 -344.879 0.159 1.519
U 13.2959 4105 340.536 -723.007 -344.879 0.159 1.519
H 13.3001 348.286 -719.284 -346.465
H 13.3046 348.282 -719.284 -346.485
H 13.3088 348.278 -719.284 -346.502
U 13.3099 4096 363.514 -723.008 -341.763 0.160 0.867
U 13.3099 4101 340.047 -723.007 -344.790 0.061 1.025
U 13.3099 4102 340.047 -723.007 -344.790 0.251 1.269
U 13.3099 4103 340.047 -723.007 -344.790 0.029 1.322
U 13.3099 4104 340.047 -723.007 -344.790 0.162 1.520
U 13.3099 4105 340.047 -723.007 -344.790 0.162 1.520
H 13.3142 347.786 -719.284 -346.430
H 13.3186 347.781 -719.284 -346.451
H 13.3228 347.778 -719.284 -346.469
H 13.3269 347.774 -719.284 -346.485
U 13.3280 4096 363.514 -723.008 -341.763 0.160 0.867
U 13.3280 4101 339.559 -723.007 -344.695 0.061 1.026
U 13.3280 4102 339.559 -723.007 -344.695 0.251 1.270
U 13.3280 4103 339.559 -723.007 -344.695 0.029 1.323
U 13.3280 4104 339.559 -723.007 -344.695 0.164 1.521
U 13.3280 4105 339.559 -723.007 -344.695 0.164 1.521
H 13.3325 347.282 -719.284 -346.405
H 13.3366 347.277 -719.284 -346.427
H 13.3408 347.274 -719.284 -346.443
H 13.3457 347.270 -719.284 -346.459
U 13.3468 4096 363.514 -723.008 -341.763 0.160 0.867
U 13.3468 4101 339.071 -723.007 -344.593 0.061 1.027
U 13.3469 4102 339.071 -723.007 -344.593 0.251 1.271
U 13.3469 4103 339.071 -723.007 -344.593 0.029 1.324
U 13.3469 4104 339.071 -723.007 -344.593 0.167 1.521
U 13.3469 4105 339.071 -723.007 -344.593 0.167 1.521
H 13.3514 346.777 -719.284 -346.376
H 13.3557 346.772 -719.284 -346.398
H 13.3604 346.768 -719.284 -346.414
U 13.3615 4096 363.514 -723.008 -341.763 0.160 0.867
U 13.3615 4101 338.584 -723.007 -344.484 0.061 1.028
U 13.3615 4102 338.584 -723.007 -344.484 0.251 1.272
U 13.3615 4103 338.584 -723.007 -344.484 0.029 1.325
U 13.3615 4104 338.584 -723.007 -344.484 0.170 1.522
U 13.3615 4105 338.584 -723.007 -344.484 0.170 1.522
H 13.3658 346.277 -719.284 -346.323
H 13.3699 346.272 -719.284 -346.344
H 13.3745 346.268 -719.284 -346.360
H 13.3786 346.264 -719.284 -346.378
U 13.3797 4096 363.514 -723.008 -341.763 0.160 0.867
U 13.3797 4101 338.098 -723.007 -344.368 0.061 1.028
U 13.3797 4102 338.098 -723.007 -344.368 0.251 1.273
U 13.3797 4103 338.098 -723.007 -344.368 0.029 1.326
U 13.3797 4104 338.098 -723.007 -344.368 0.173 1.522
U 13.3797 4105 338.098 -723.007 -344.368 0.173 1.522
H 13.3838 345.774 -719.284 -346.278
H 13.3882 345.769 -719.284 -346.297
H 13.3923 345.765 -719.284 -346.314
U 13.3934 4096 363.514 -723.008 -341.763 0.160 0.867
U 13.3934 4101 337.613 -723.007 -344.246 0.061 1.029
U 13.3934 4102 337.613 -723.007 -344.246 0.251 1.273
U 13.3934 4103 337.613 -723.007 -344.246 0.029 1.326
U 13.3934 4104 337.613 -723.007 -344.246 0.175 1.522
U 13.3934 4105 337.613 -723.007 -344.246 0.175 1.522
H 13.3975 345.276 -719.284 -346.207
H 13.4022 345.271 -719.284 -346.227
H 13.4063 345.266 -719.284 -346.245
H 13.4105 345.262 -719.284 -346.261
U 13.4116 4096 363.514 -723.008 -341.763 0.160 0.867
U 13.4116 4101 337.130 -723.007 -344.117 0.061 1.029
U 13.4116 4102 337.130 -723.007 -344.117 0.251 1.273
U 13.4117 4103 337.130 -723.007 -344.117 0.029 1.326
U 13.4117 4104 337.130 -723.007 -344.117 0.178 1.522
U 13.4117 4105 337.130 -723.007 -344.117 0.178 1.522
H 13.4161 344.775 -719.284 -346.149
H 13.4203 344.769 -719.284 -346.170
H 13.4244 344.765 -719.284 -346.186
H 13.4287 344.760 -719.284 -346.202
U 13.4298 4096 363.514 -723.008 -341.763 0.160 0.867
U 13.4298 4101 336.648 -723.007 -343.984 0.061 1.029
U 13.4298 4102 336.648 -723.007 -343.984 0.251 1.273
U 13.4298 4103 336.648 -723.007 -343.984 0.029 1.326
U 13.4298 4104 336.648 -723.007 -343.984 0.181 1.522
U 13.4298 4105 336.648 -723.007 -343.984 0.181 1.522
H 13.4340 344.274 -719.284 -346.085
H 13.4381 344.268 -719.284 -346.105
H 13.4425 344.264 -719.284 -346.121
U 13.4436 4096 363.514 -723.008 -341.763 0.160 0.867
U 13.4436 4101 336.167 -723.007 -343.848 0.061 1.029
U 13.4436 4102 336.167 -723.007 -343.848 0.251 1.273
U 13.4436 4103 336.167 -723.007 -343.848 0.029 1.326
U 13.4436 4104 336.167 -723.007 -343.848 0.183 1.522
U 13.4436 4105 336.167 -723.007 -343.848 0.183 1.522
H 13.4477 343.778 -719.284 -346.002
H 13.4518 343.772 -719.284 -346.021
H 13.4562 343.768 -719.284 -346.037
H 13.4603 343.763 -719.284 -346.054
U 13.4614 4096 363.514 -723.008 -341.763 0.160 0.867
U 13.4614 4101 335.687 -723.007 -343.708 0.061 1.029
U 13.4614 4102 335.687 -723.007 -343.708 0.251 1.273
U 13.4614 4103 335.687 -723.007 -343.708 0.029 1.326
U 13.4614 4104 335.687 -723.007 -343.708 0.186 1.522
U 13.4614 4105 335.687 -723.007 -343.708 0.186 1.522
H 13.4656 343.279 -719.284 -345.929
H 13.4701 343.273 -719.284 -345.949
H 13.4744 343.268 -719.284 -345.966
H 13.4785 343.263 -719.284 -345.982
U 13.4797 4096 363.514 -723.008 -341.763 0.160 0.867
U 13.4797 4101 335.208 -723.007 -343.563 0.061 1.029
U 13.4797 4102 335.208 -723.007 -343.563 0.251 1.273
U 13.4797 4103 335.208 -723.007 -343.563 0.029 1.326
U 13.4797 4104 335.208 -723.007 -343.563 0.189 1.522
U 13.4797 4105 335.208 -723.007 -343.563 0.189 1.522
H 13.4842 342.780 -719.284 -345.853
H 13.4883 342.773 -719.284 -345.875
H 13.4923 342.768 -719.284 -345.890
U 13.4934 4096 363.514 -723.008 -341.763 0.160 0.867
U 13.4934 4101 334.731 -723.007 -343.415 0.061 1.029
U 13.4934 4102 334.731 -723.007 -343.415 0.251 1.273
U 13.4934 4103 334.731 -723.007 -343.415 0.029 1.326
U 13.4935 4104 334.731 -723.007 -343.415 0.191 1.522
U 13.4935 4105 334.731 -723.007 -343.415 0.191 1.522
H 13.4978 342.286 -719.284 -345.758
H 13.5018 342.280 -719.284 -345.778
H 13.5058 342.275 -719.284 -345.793
H 13.5102 342.270 -719.284 -345.808
U 13.5112 4096 363.514 -723.008 -341.763 0.160 0.867
U 13.5112 4101 334.254 -723.007 -343.263 0.061 1.029
U 13.5112 4102 334.254 -723.007 -343.263 0.251 1.273
U 13.5112 4103 334.254 -723.007 -343.263 0.029 1.326
U 13.5112 4104 334.254 -723.007 -343.263 0.194 1.522
U 13.5112 4105 334.254 -723.007 -343.263 0.194 1.522
H 13.5152 341.789 -719.284 -345.672
H 13.5192 341.782 -719.284 -345.691
H 13.5235 341.778 -719.284 -345.707
H 13.5274 341.772 -719.284 -345.722
U 13.5285 4096 363.514 -723.008 -341.763 0.160 0.867
U 13.5285 4101 333.779 -723.007 -343.106 0.061 1.029
U 13.5285 4102 333.779 -723.007 -343.106 0.251 1.273
U 13.5285 4103 333.779 -723.007 -343.106 0.029 1.326
U 13.5285 4104 333.779 -723.007 -343.106 0.197 1.522
U 13.5285 4105 333.779 -723.007 -343.106 0.197 1.522
H 13.5324 341.293 -719.284 -345.581
H 13.5369 341.286 -719.284 -345.600
H 13.5408 341.281 -719.284 -345.616
H 13.5448 341.276 -719.284 -345.631
U 13.5459 4096 363.514 -723.008 -341.763 0.160 0.867
U 13.5459 4101 333.306 -723.007 -342.946 0.061 1.029
U 13.5459 4102 333.306 -723.007 -342.946 0.251 1.273
U 13.5459 4103 333.306 -723.007 -342.946 0.029 1.326
U 13.5459 4104 333.306 -723.007 -342.946 0.200 1.522
U 13.5459 4105 333.306 -723.007 -342.946 0.200 1.522
H 13.5503 340.797 -719.284 -345.486
H 13.5544 340.790 -719.284 -345.506
H 13.5584 340.785 -719.284 -345.521
U 13.5595 4096 363.514 -723.008 -341.763 0.160 0.867
U 13.5595 4101 332.833 -723.007 -342.782 0.061 1.029
U 13.5595 4102 332.833 -723.007 -342.782 0.251 1.273
U 13.5595 4103 332.833 -723.007 -342.782 0.029 1.326
U 13.5595 4104 332.833 -723.007 -342.782 0.202 1.522
U 13.5595 4105 332.833 -723.007 -342.782 0.202 1.522
H 13.5640 340.307 -719.284 -345.373
H 13.5681 340.300 -719.284 -345.394
H 13.5721 340.295 -719.284 -345.409
H 13.5764 340.289 -719.284 -345.424
U 13.5775 4096 363.514 -723.008 -341.763 0.160 0.867
U 13.5775 4101 332.363 -723.007 -342.614 0.061 1.029
U 13.5775 4102 332.363 -723.007 -342.614 0.251 1.273
U 13.5775 4103 332.363 -723.007 -342.614 0.029 1.326
U 13.5775 4104 332.363 -723.007 -342.614 0.205 1.522
U 13.5775 4105 332.363 -723.007 -342.614 0.205 1.522
H 13.5815 339.813 -719.284 -345.272
H 13.5855 339.806 -719.284 -345.291
H 13.5897 339.801 -719.284 -345.306
H 13.5937 339.795 -719.284 -345.321
U 13.5947 4096 363.514 -723.008 -341.763 0.160 0.867
U 13.5947 4101 331.893 -723.008 -342.442 0.061 1.029
U 13.5947 4102 331.893 -723.008 -342.442 0.251 1.273
U 13.5947 4103 331.893 -723.008 -342.442 0.029 1.326
U 13.5947 4104 331.893 -723.008 -342.442 0.208 1.522
U 13.5947 4105 331.893 -723.008 -342.442 0.208 1.522
H 13.5987 339.320 -719.284 -345.164
H 13.6030 339.313 -719.284 -345.183
H 13.6070 339.307 -719.284 -345.199
H 13.6110 339.302 -719.284 -345.214
U 13.6120 4096 363.514 -723.008 -341.763 0.160 0.867
U 13.6120 4101 331.425 -723.007 -342.266 0.061 1.029
U 13.6120 4102 331.425 -723.007 -342.266 0.251 1.273
U 13.6120 4103 331.425 -723.007 -342.266 0.029 1.326
U 13.6120 4104 331.425 -723.007 -342.266 0.210 1.522
U 13.6120 4105 331.425 -723.007 -342.266 0.210 1.522
H 13.6163 338.828 -719.284 -345.052
H 13.6202 338.821 -719.284 -345.072
H 13.6243 338.815 -719.284 -345.087
H 13.6285 338.810 -719.284 -345.101
U 13.6296 4096 363.514 -723.008 -341.763 0.160 0.867
U 13.6296 4101 330.959 -723.007 -342.086 0.061 1.029
U 13.6296 4102 330.959 -723.007 -342.086 0.251 1.273
U 13.6296 4103 330.959 -723.007 -342.086 0.029 1.326
U 13.6296 4104 330.959 -723.007 -342.086 0.213 1.522
U 13.6296 4105 330.959 -723.007 -342.086 0.213 1.522
H 13.6337 338.337 -719.284 -344.937
H 13.6377 338.330 -719.284 -344.956
H 13.6418 338.324 -719.284 -344.970
U 13.6429 4096 363.514 -723.008 -341.763 0.160 0.867
U 13.6429 4101 330.494 -723.007 -341.902 0.061 1.029
U 13.6429 4102 330.494 -723.007 -341.902 0.251 1.273
U 13.6429 4103 330.494 -723.007 -341.902 0.029 1.326
U 13.6429 4104 330.494 -723.007 -341.902 0.216 1.522
U 13.6429 4105 330.494 -723.007 -341.902 0.216 1.522
H 13.6469 337.853 -719.284 -344.802
H 13.6509 337.845 -719.284 -344.821
H 13.6553 337.840 -719.284 -344.836
H 13.6594 337.833 -719.284 -344.852
U 13.6605 4096 363.514 -723.008 -341.763 0.160 0.867
U 13.6605 4101 330.030 -723.007 -341.715 0.061 1.029
U 13.6605 4102 330.030 -723.007 -341.715 0.251 1.273
U 13.6605 4103 330.030 -723.007 -341.715 0.029 1.326
U 13.6605 4104 330.030 -723.007 -341.715 0.218 1.522
U 13.6605 4105 330.030 -723.007 -341.715 0.218 1.522
H 13.6648 337.364 -719.284 -344.680
H 13.6696 337.356 -719.284 -344.699
H 13.6738 337.348 -719.284 -344.717
H 13.6785 337.342 -719.284 -344.732
U 13.6796 4096 363.514 -723.008 -341.763 0.160 0.867
U 13.6796 4101 329.568 -723.007 -341.523 0.061 1.029
U 13.6796 4102 329.568 -723.007 -341.523 0.251 1.273
U 13.6796 4103 329.568 -723.007 -341.523 0.029 1.326
U 13.6796 4104 329.568 -723.007 -341.523 0.221 1.522
U 13.6796 4105 329.568 -723.007 -341.523 0.221 1.522
H 13.6846 336.873 -719.284 -344.558
H 13.6889 336.864 -719.284 -344.580
H 13.6930 336.857 -719.284 -344.596
U 13.6941 4096 363.514 -723.008 -341.763 0.160 0.867
U 13.6941 4101 329.108 -723.007 -341.328 0.061 1.029
U 13.6941 4102 329.108 -723.007 -341.328 0.251 1.273
U 13.6941 4103 329.108 -723.007 -341.328 0.029 1.326
U 13.6941 4104 329.108 -723.007 -341.328 0.224 1.522
U 13.6941 4105 329.108 -723.007 -341.328 0.224 1.522
H 13.6985 336.391 -719.284 -344.415
H 13.7027 336.382 -719.284 -344.436
H 13.7069 336.376 -719.284 -344.451
H 13.7114 336.369 -719.284 -344.466
U 13.7125 4096 363.514 -723.008 -341.763 0.160 0.867
U 13.7125 4101 328.649 -723.007 -341.129 0.061 1.029
U 13.7125 4102 328.649 -723.007 -341.129 0.251 1.273
U 13.7125 4103 328.649 -723.007 -341.129 0.029 1.326
U 13.7125 4104 328.649 -723.007 -341.129 0.227 1.522
U 13.7125 4105 328.649 -723.007 -341.129 0.227 1.522
H 13.7168 335.903 -719.284 -344.283
H 13.7209 335.895 -719.284 -344.302
H 13.7253 335.888 -719.284 -344.318
U 13.7264 4096 363.514 -723.008 -341.763 0.160 0.867
U 13.7264 4101 328.192 -723.007 -340.926 0.061 1.029
U 13.7264 4102 328.192 -723.007 -340.926 0.251 1.273
U 13.7264 4103 328.192 -723.007 -340.926 0.029 1.326
U 13.7264 4104 328.192 -723.007 -340.926 0.229 1.522
U 13.7264 4105 328.192 -723.007 -340.926 0.229 1.522
H 13.7307 335.424 -719.284 -344.131
H 13.7349 335.415 -719.284 -344.150
H 13.7393 335.409 -719.284 -344.165
H 13.7433 335.402 -719.284 -344.181
U 13.7444 4096 363.514 -723.008 -341.763 0.160 0.867
U 13.7444 4101 327.737 -723.007 -340.720 0.061 1.029
U 13.7444 4102 327.737 -723.007 -340.720 0.251 1.273
U 13.7444 4103 327.737 -723.007 -340.720 0.029 1.326
U 13.7444 4104 327.737 -723.007 -340.720 0.232 1.522
U 13.7444 4105 327.737 -723.007 -340.720 0.232 1.522
H 13.7485 334.940 -719.284 -343.989
H 13.7529 334.931 -719.284 -344.008
H 13.7569 334.924 -719.284 -344.023
H 13.7610 334.917 -719.284 -344.038
U 13.7621 4096 363.514 -723.008 -341.763 0.160 0.867
U 13.7621 4101 327.283 -723.007 -340.509 0.061 1.029
U 13.7621 4102 327.283 -723.007 -340.509 0.251 1.273
U 13.7621 4103 327.283 -723.007 -340.509 0.029 1.326
U 13.7621 4104 327.283 -723.007 -340.509 0.235 1.522
U 13.7621 4105 327.283 -723.007 -340.509 0.235 1.522
H 13.7667 334.457 -719.284 -343.842
H 13.7709 334.448 -719.284 -343.862
H 13.7749 334.441 -719.284 -343.877
U 13.7760 4096 363.514 -723.008 -341.763 0.160 0.867
U 13.7760 4101 326.831 -723.007 -340.295 0.061 1.029
U 13.7760 4102 326.831 -723.007 -340.295 0.251 1.273
U 13.7760 4103 326.831 -723.007 -340.295 0.029 1.326
U 13.7760 4104 326.831 -723.007 -340.295 0.237 1.522
U 13.7760 4105 326.831 -723.007 -340.295 0.237 1.522
H 13.7804 333.982 -719.284 -343.678
H 13.7844 333.972 -719.284 -343.698
H 13.7883 333.966 -719.284 -343.712
H 13.7927 333.959 -719.284 -343.726
U 13.7939 4096 363.514 -723.008 -341.763 0.160 0.867
U 13.7939 4101 326.381 -723.007 -340.077 0.061 1.029
U 13.7939 4102 326.381 -723.007 -340.077 0.251 1.273
U 13.7939 4103 326.381 -723.007 -340.077 0.029 1.326
U 13.7939 4104 326.381 -723.007 -340.077 0.240 1.522
U 13.7939 4105 326.381 -723.007 -340.077 0.240 1.522
H 13.7982 333.501 -719.284 -343.524
H 13.8022 333.492 -719.284 -343.543
H 13.8068 333.485 -719.284 -343.557
H 13.8109 333.477 -719.284 -343.573
U 13.8120 4096 363.514 -723.008 -341.763 0.160 0.867
U 13.8120 4101 325.933 -723.007 -339.855 0.061 1.029
U 13.8121 4102 325.933 -723.007 -339.855 0.251 1.273
U 13.8121 4103 325.933 -723.007 -339.855 0.029 1.326
U 13.8121 4104 325.933 -723.007 -339.855 0.243 1.522
U 13.8121 4105 325.933 -723.007 -339.855 0.243 1.522
H 13.8163 333.022 -719.284 -343.366
H 13.8209 333.012 -719.284 -343.385
H 13.8248 333.004 -719.284 -343.401
U 13.8259 4096 363.514 -723.008 -341.763 0.160 0.867
U 13.8260 4101 325.487 -723.007 -339.630 0.061 1.029
U 13.8260 4102 325.487 -723.007 -339.630 0.251 1.273
U 13.8260 4103 325.487 -723.007 -339.630 0.029 1.326
U 13.8260 4104 325.487 -723.007 -339.630 0.245 1.522
U 13.8260 4105 325.487 -723.007 -339.630 0.245 1.522
H 13.8302 332.551 -719.284 -343.190
H 13.8344 332.541 -719.284 -343.209
H 13.8384 332.533 -719.284 -343.224
H 13.8424 332.526 -719.284 -343.238
U 13.8435 4096 363.514 -723.008 -341.763 0.160 0.867
U 13.8435 4101 325.042 -723.007 -339.401 0.061 1.029
U 13.8435 4102 325.042 -723.007 -339.401 0.251 1.273
U 13.8435 4103 325.042 -723.007 -339.401 0.029 1.326
U 13.8435 4104 325.042 -723.007 -339.401 0.248 1.522
U 13.8435 4105 325.042 -723.007 -339.401 0.248 1.522
H 13.8481 332.075 -719.284 -343.023
H 13.8520 332.064 -719.284 -343.043
H 13.8560 332.057 -719.284 -343.057
H 13.8601 332.050 -719.284 -343.071
U 13.8612 4096 363.514 -723.008 -341.763 0.160 0.867
U 13.8612 4101 324.600 -723.007 -339.168 0.061 1.029
U 13.8612 4102 324.600 -723.007 -339.168 0.251 1.273
U 13.8612 4103 324.600 -723.007 -339.168 0.029 1.326
U 13.8612 4104 324.600 -723.007 -339.168 0.251 1.522
U 13.8612 4105 324.600 -723.007 -339.168 0.251 1.522
H 13.8654 331.600 -719.284 -342.853
H 13.8692 331.590 -719.284 -342.871
H 13.8735 331.583 -719.284 -342.885
H 13.8776 331.575 -719.284 -342.900
U 13.8787 4096 363.514 -723.008 -341.763 0.160 0.867
U 13.8787 4101 324.160 -723.008 -338.932 0.061 1.029
U 13.8787 4102 324.160 -723.008 -338.932 0.251 1.273
U 13.8787 4103 324.160 -723.008 -338.932 0.029 1.326
U 13.8787 4104 324.160 -723.008 -338.932 0.251 1.522
U 13.8787 4105 324.160 -723.008 -338.932 0.251 1.522
H 13.8829 331.127 -719.284 -342.677
H 13.8871 331.117 -719.284 -342.695
H 13.8911 331.109 -719.284 -342.710
H 13.8950 331.101 -719.284 -342.724
U 13.8960 4096 363.514 -723.008 -341.763 0.160 0.867
U 13.8960 4101 323.721 -723.008 -338.691 0.061 1.029
U 13.8960 4102 323.721 -723.008 -338.691 0.251 1.273
U 13.8960 4103 323.721 -723.008 -338.691 0.029 1.326
U 13.8960 4104 323.721 -723.008 -338.691 0.251 1.522
U 13.8960 4105 323.721 -723.008 -338.691 0.251 1.522
H 13.9005 330.656 -719.284 -342.497
H 13.9043 330.645 -719.284 -342.516
H 13.9082 330.638 -719.284 -342.529
U 13.9093 4096 363.514 -723.008 -341.763 0.160 0.867
U 13.9093 4101 323.285 -723.007 -338.448 0.061 1.029
U 13.9093 4102 323.285 -723.007 -338.448 0.251 1.273
U 13.9093 4103 323.285 -723.007 -338.448 0.029 1.326
U 13.9093 4104 323.285 -723.007 -338.448 0.251 1.522
U 13.9093 4105 323.285 -723.007 -338.448 0.251 1.522
H 13.9137 330.194 -719.284 -342.299
H 13.9176 330.183 -719.284 -342.318
H 13.9215 330.175 -719.284 -342.332
H 13.9257 330.168 -719.284 -342.345
U 13.9268 4096 363.514 -723.008 -341.763 0.160 0.867
U 13.9268 4101 322.850 -723.007 -338.200 0.061 1.029
U 13.9269 4102 322.850 -723.007 -338.200 0.251 1.273
U 13.9269 4103 322.850 -723.007 -338.200 0.029 1.326
U 13.9269 4104 322.850 -723.007 -338.200 0.251 1.522
U 13.9269 4105 322.850 -723.007 -338.200 0.251 1.522
H 13.9310 329.725 -719.284 -342.112
H 13.9349 329.715 -719.284 -342.130
H 13.9394 329.707 -719.284 -342.144
H 13.9433 329.698 -719.284 -342.159
U 13.9444 4096 363.514 -723.008 -341.763 0.160 0.867
U 13.9444 4101 322.418 -723.007 -337.949 0.061 1.029
U 13.9444 4102 322.418 -723.007 -337.949 0.251 1.273
U 13.9444 4103 322.418 -723.007 -337.949 0.029 1.326
U 13.9444 4104 322.418 -723.007 -337.949 0.251 1.522
U 13.9444 4105 322.418 -723.007 -337.949 0.251 1.522
H 13.9486 329.258 -719.284 -341.921
H 13.9527 329.248 -719.284 -341.939
H 13.9566 329.239 -719.284 -341.954
H 13.9604 329.232 -719.284 -341.967
U 13.9615 4096 363.514 -723.008 -341.763 0.160 0.867
U 13.9615 4101 321.987 -723.007 -337.694 0.061 1.029
U 13.9615 4102 321.987 -723.007 -337.694 0.251 1.273
U 13.9615 4103 321.987 -723.007 -337.694 0.029 1.326
U 13.9615 4104 321.987 -723.007 -337.694 0.251 1.522
U 13.9615 4105 321.987 -723.007 -337.694 0.251 1.522
H 13.9659 328.794 -719.284 -341.725
H 13.9697 328.783 -719.284 -341.744
H 13.9735 328.775 -719.284 -341.757
H 13.9776 328.767 -719.284 -341.769
U 13.9788 4096 363.514 -723.008 -341.763 0.160 0.867
U 13.9788 4101 321.559 -723.007 -337.436 0.061 1.029
U 13.9788 4102 321.559 -723.007 -337.436 0.251 1.273
U 13.9788 4103 321.559 -723.007 -337.436 0.029 1.326
U 13.9788 4104 321.559 -723.007 -337.436 0.251 1.522
U 13.9788 4105 321.559 -723.007 -337.436 0.251 1.522
H 13.9829 328.331 -719.284 -341.525
H 13.9868 328.320 -719.284 -341.543
H 13.9909 328.312 -719.284 -341.556
H 13.9947 328.303 -719.284 -341.570
U 13.9958 4096 363.514 -723.008 -341.763 0.159 0.867
U 13.9958 4101 321.134 -723.007 -337.174 0.061 1.029
U 13.9958 4102 321.134 -723.007 -337.174 0.251 1.273
U 13.9959 4103 321.134 -723.007 -337.174 0.029 1.326
U 13.9959 4104 321.134 -723.007 -337.174 0.251 1.522
U 13.9959 4105 321.134 -723.007 -337.174 0.251 1.522
H 14.0000 327.870 -719.284 -341.321
H 14.0042 327.859 -719.284 -341.338
H 14.0080 327.850 -719.284 -341.352
H 14.0118 327.842 -719.284 -341.365
U 14.0130 4096 363.514 -723.008 -341.763 0.157 0.867
U 14.0130 4101 320.710 -723.007 -336.908 0.061 1.029
U 14.0130 4102 320.710 -723.007 -336.908 0.251 1.273
U 14.0130 4103 320.710 -723.007 -336.908 0.029 1.326
U 14.0130 4104 320.710 -723.007 -336.908 0.251 1.522
U 14.0130 4105 320.710 -723.007 -336.908 0.251 1.522
H 14.0176 327.410 -719.284 -341.112
H 14.0215 327.398 -719.284 -341.132
H 14.0254 327.390 -719.284 -341.145
U 14.0265 4096 363.514 -723.008 -341.763 0.155 0.867
U 14.0265 4101 320.288 -723.008 -336.639 0.061 1.029
U 14.0265 4102 320.288 -723.008 -336.639 0.251 1.273
U 14.0265 4103 320.288 -723.008 -336.639 0.029 1.326
U 14.0266 4104 320.288 -723.008 -336.639 0.251 1.522
U 14.0266 4105 320.288 -723.008 -336.639 0.251 1.522
H 14.0311 326.960 -719.284 -340.889
H 14.0350 326.948 -719.284 -340.908
H 14.0390 326.939 -719.284 -340.921
H 14.0433 326.931 -719.284 -340.934
U 14.0444 4096 363.514 -723.008 -341.763 0.152 0.867
U 14.0444 4101 319.869 -723.007 -336.367 0.061 1.029
U 14.0444 4102 319.869 -723.007 -336.367 0.251 1.273
U 14.0444 4103 319.869 -723.007 -336.367 0.029 1.326
U 14.0444 4104 319.869 -723.007 -336.367 0.251 1.522
U 14.0444 4105 319.869 -723.007 -336.367 0.251 1.522
H 14.0486 326.502 -719.284 -340.676
H 14.0526 326.491 -719.284 -340.694
H 14.0569 326.482 -719.284 -340.707
H 14.0608 326.473 -719.284 -340.721
U 14.0620 4096 363.514 -723.008 -341.763 0.150 0.867
U 14.0620 4101 319.452 -723.007 -336.091 0.061 1.029
U 14.0620 4102 319.452 -723.007 -336.091 0.251 1.273
U 14.0620 4103 319.452 -723.007 -336.091 0.029 1.326
U 14.0620 4104 319.452 -723.007 -336.091 0.251 1.522
U 14.0620 4105 319.452 -723.007 -336.091 0.251 1.522
H 14.0662 326.047 -719.284 -340.458
H 14.0707 326.036 -719.284 -340.476
H 14.0746 326.026 -719.284 -340.491
H 14.0785 326.017 -719.284 -340.504
U 14.0797 4096 363.514 -723.008 -341.763 0.148 0.867
U 14.0797 4101 319.038 -723.008 -335.811 0.061 1.029
U 14.0797 4102 319.038 -723.008 -335.811 0.251 1.273
U 14.0797 4103 319.038 -723.008 -335.811 0.029 1.326
U 14.0797 4104 319.038 -723.008 -335.811 0.251 1.522
U 14.0797 4105 319.038 -723.008 -335.811 0.251 1.522
H 14.0842 325.594 -719.284 -340.237
H 14.0880 325.582 -719.284 -340.255
H 14.0919 325.573 -719.284 -340.268
U 14.0930 4096 363.514 -723.008 -341.763 0.146 0.867
U 14.0930 4101 318.625 -723.007 -335.529 0.061 1.029
U 14.0930 4102 318.625 -723.007 -335.529 0.251 1.273
U 14.0930 4103 318.625 -723.007 -335.529 0.029 1.326
U 14.0930 4104 318.625 -723.007 -335.529 0.251 1.522
U 14.0931 4105 318.625 -723.007 -335.529 0.251 1.522
H 14.0975 325.152 -719.284 -339.998
H 14.1013 325.139 -719.284 -340.016
H 14.1052 325.131 -719.284 -340.029
H 14.1094 325.122 -719.284 -340.041
U 14.1105 4096 363.514 -723.008 -341.763 0.144 0.867
U 14.1105 4101 318.215 -723.007 -335.243 0.061 1.029
U 14.1105 4102 318.215 -723.007 -335.243 0.251 1.273
U 14.1105 4103 318.215 -723.007 -335.243 0.029 1.326
U 14.1105 4104 318.215 -723.007 -335.243 0.251 1.522
U 14.1105 4105 318.215 -723.007 -335.243 0.251 1.522
H 14.1147 324.702 -719.284 -339.769
H 14.1186 324.690 -719.284 -339.786
H 14.1227 324.682 -719.284 -339.799
H 14.1265 324.672 -719.284 -339.812
U 14.1278 4096 363.514 -723.008 -341.763 0.142 0.867
U 14.1278 4101 317.807 -723.007 -334.953 0.061 1.029
U 14.1278 4102 317.807 -723.007 -334.953 0.251 1.273
U 14.1278 4103 317.807 -723.007 -334.953 0.029 1.326
U 14.1278 4104 317.807 -723.007 -334.953 0.251 1.522
U 14.1278 4105 317.807 -723.007 -334.953 0.251 1.522
H 14.1320 324.256 -719.284 -339.535
H 14.1362 324.243 -719.284 -339.552
H 14.1400 324.234 -719.284 -339.566
H 14.1439 324.225 -719.284 -339.578
U 14.1450 4096 363.514 -723.008 -341.763 0.140 0.867
U 14.1450 4101 317.402 -723.007 -334.660 0.061 1.029
U 14.1450 4102 317.402 -723.007 -334.660 0.251 1.273
U 14.1450 4103 317.402 -723.007 -334.660 0.029 1.326
U 14.1450 4104 317.402 -723.007 -334.660 0.251 1.522
U 14.1450 4105 317.402 -723.007 -334.660 0.251 1.522
H 14.1495 323.811 -719.284 -339.297
H 14.1533 323.798 -719.284 -339.315
H 14.1570 323.789 -719.284 -339.327
H 14.1611 323.780 -719.284 -339.339
U 14.1622 4096 363.514 -723.008 -341.763 0.138 0.867
U 14.1622 4101 317.000 -723.008 -334.363 0.061 1.029
U 14.1622 4102 317.000 -723.008 -334.363 0.251 1.273
U 14.1622 4103 317.000 -723.008 -334.363 0.029 1.326
U 14.1622 4104 317.000 -723.008 -334.363 0.251 1.522
U 14.1622 4105 317.000 -723.008 -334.363 0.251 1.522
H 14.1663 323.368 -719.284 -339.056
H 14.1700 323.356 -719.284 -339.072
H 14.1740 323.347 -719.284 -339.084
H 14.1777 323.338 -719.284 -339.097
U 14.1788 4096 363.514 -723.008 -341.763 0.135 0.867
U 14.1788 4101 316.600 -723.007 -334.064 0.061 1.029
U 14.1788 4102 316.600 -723.007 -334.064 0.251 1.273
U 14.1788 4103 316.600 -723.007 -334.064 0.029 1.326
U 14.1788 4104 316.600 -723.007 -334.064 0.251 1.522
U 14.1788 4105 316.600 -723.007 -334.064 0.251 1.522
H 14.1828 322.929 -719.284 -338.808
H 14.1868 322.917 -719.284 -338.824
H 14.1904 322.907 -719.284 -338.837
H 14.1941 322.898 -719.284 -338.849
U 14.1953 4096 363.514 -723.008 -341.763 0.133 0.867
U 14.1953 4101 316.202 -723.007 -333.760 0.061 1.029
U 14.1953 4102 316.202 -723.007 -333.760 0.251 1.273
U 14.1953 4103 316.202 -723.007 -333.760 0.029 1.326
U 14.1953 4104 316.202 -723.007 -333.760 0.251 1.522
U 14.1953 4105 316.202 -723.007 -333.760 0.251 1.522
H 14.1999 322.492 -719.284 -338.557
H 14.2042 322.478 -719.284 -338.575
H 14.2080 322.468 -719.284 -338.589
H 14.2121 322.459 -719.284 -338.600
U 14.2132 4096 363.514 -723.008 -341.763 0.131 0.867
U 14.2132 4101 315.807 -723.007 -333.454 0.061 1.029
U 14.2132 4102 315.807 -723.007 -333.454 0.251 1.273
U 14.2132 4103 315.807 -723.007 -333.454 0.029 1.326
U 14.2132 4104 315.807 -723.007 -333.454 0.251 1.522
U 14.2132 4105 315.807 -723.007 -333.454 0.251 1.522
H 14.2172 322.054 -719.284 -338.306
H 14.2210 322.041 -719.284 -338.323
H 14.2250 322.032 -719.284 -338.334
U 14.2261 4096 363.514 -723.008 -341.763 0.129 0.867
U 14.2261 4101 315.414 -723.008 -333.144 0.061 1.029
U 14.2261 4102 315.414 -723.008 -333.144 0.251 1.273
U 14.2261 4103 315.414 -723.008 -333.144 0.029 1.326
U 14.2261 4104 315.414 -723.008 -333.144 0.251 1.522
U 14.2261 4105 315.414 -723.008 -333.144 0.251 1.522
H 14.2302 321.630 -719.284 -338.038
H 14.2340 321.617 -719.284 -338.054
H 14.2382 321.607 -719.284 -338.066
H 14.2420 321.597 -719.284 -338.078
U 14.2431 4096 363.514 -723.008 -341.763 0.127 0.867
U 14.2431 4101 315.024 -723.007 -332.832 0.061 1.029
U 14.2431 4102 315.024 -723.007 -332.832 0.251 1.273
U 14.2431 4103 315.024 -723.007 -332.832 0.029 1.326
U 14.2431 4104 315.024 -723.007 -332.832 0.251 1.522
U 14.2432 4105 315.024 -723.007 -332.832 0.251 1.522
H 14.2472 321.198 -719.284 -337.777
H 14.2528 321.185 -719.284 -337.793
H 14.2576 321.171 -719.284 -337.811
H 14.2614 321.159 -719.284 -337.826
U 14.2626 4096 363.514 -723.008 -341.763 0.125 0.867
U 14.2626 4101 314.637 -723.007 -332.515 0.061 1.029
U 14.2626 4102 314.637 -723.007 -332.515 0.251 1.273
U 14.2626 4103 314.637 -723.007 -332.515 0.029 1.326
U 14.2626 4104 314.637 -723.007 -332.515 0.251 1.522
U 14.2626 4105 314.637 -723.007 -332.515 0.251 1.522
H 14.2669 320.762 -719.284 -337.521
H 14.2707 320.748 -719.284 -337.538
H 14.2744 320.739 -719.284 -337.549
H 14.2784 320.730 -719.284 -337.560
U 14.2795 4096 363.514 -723.008 -341.763 0.123 0.867
U 14.2795 4101 314.253 -723.007 -332.196 0.061 1.029
U 14.2795 4102 314.253 -723.007 -332.196 0.251 1.273
U 14.2795 4103 314.253 -723.007 -332.196 0.029 1.326
U 14.2795 4104 314.253 -723.007 -332.196 0.251 1.522
U 14.2795 4105 314.253 -723.007 -332.196 0.251 1.522
H 14.2835 320.335 -719.284 -337.253
H 14.2872 320.322 -719.284 -337.268
H 14.2912 320.313 -719.284 -337.280
H 14.2949 320.302 -719.284 -337.292
U 14.2960 4101 313.871 -723.007 -331.873 0.061 1.029
U 14.2960 4102 313.871 -723.007 -331.873 0.251 1.273
U 14.2960 4103 313.871 -723.007 -331.873 0.029 1.326
U 14.2960 4104 313.871 -723.007 -331.873 0.251 1.522
U 14.2960 4105 313.871 -723.007 -331.873 0.251 1.522
H 14.2999 319.911 -719.284 -336.980
H 14.3039 319.898 -719.284 -336.995
H 14.3076 319.888 -719.284 -337.007
H 14.3112 319.879 -719.284 -337.018
U 14.3123 4101 313.492 -723.007 -331.547 0.061 1.029
U 14.3123 4102 313.492 -723.007 -331.547 0.251 1.273
U 14.3123 4103 313.492 -723.007 -331.547 0.029 1.326
U 14.3123 4104 313.492 -723.007 -331.547 0.251 1.522
U 14.3123 4105 313.492 -723.007 -331.547 0.251 1.522
H 14.3166 319.490 -719.284 -336.703
H 14.3202 319.476 -719.284 -336.719
H 14.3239 319.467 -719.284 -336.730
H 14.3281 319.457 -719.284 -336.741
U 14.3292 4101 313.115 -723.007 -331.218 0.061 1.029
U 14.3292 4102 313.115 -723.007 -331.218 0.251 1.273
U 14.3292 4103 313.115 -723.007 -331.218 0.029 1.326
U 14.3292 4104 313.115 -723.007 -331.218 0.251 1.522
U 14.3292 4105 313.115 -723.007 -331.218 0.251 1.522
H 14.3331 319.070 -719.284 -336.425
H 14.3367 319.057 -719.284 -336.439
H 14.3406 319.048 -719.284 -336.450
H 14.3442 319.037 -719.284 -336.462
U 14.3453 4101 312.742 -723.007 -330.886 0.061 1.029
U 14.3453 4102 312.742 -723.007 -330.886 0.251 1.273
U 14.3453 4103 312.742 -723.007 -330.886 0.029 1.326
U 14.3453 4104 312.742 -723.007 -330.886 0.251 1.522
U 14.3453 4105 312.742 -723.007 -330.886 0.251 1.522
H 14.3492 318.654 -719.284 -336.140
H 14.3530 318.641 -719.284 -336.155
H 14.3567 318.631 -719.284 -336.166
H 14.3603 318.621 -719.284 -336.177
U 14.3613 4101 312.371 -723.007 -330.550 0.061 1.029
U 14.3613 4102 312.371 -723.007 -330.550 0.251 1.273
U 14.3613 4103 312.371 -723.007 -330.550 0.029 1.326
U 14.3613 4104 312.371 -723.007 -330.550 0.251 1.522
U 14.3613 4105 312.371 -723.007 -330.550 0.251 1.522
H 14.3654 318.241 -719.284 -335.852
H 14.3690 318.227 -719.284 -335.868
H 14.3727 318.217 -719.284 -335.878
H 14.3765 318.208 -719.284 -335.889
U 14.3776 4101 312.002 -723.007 -330.212 0.061 1.029
U 14.3776 4102 312.002 -723.007 -330.212 0.251 1.273
U 14.3776 4103 312.002 -723.007 -330.212 0.029 1.326
U 14.3776 4104 312.002 -723.007 -330.212 0.251 1.522
U 14.3776 4105 312.002 -723.007 -330.212 0.251 1.522
H 14.3814 317.829 -719.284 -335.562
H 14.3851 317.816 -719.284 -335.576
H 14.3890 317.806 -719.284 -335.587
H 14.3927 317.796 -719.284 -335.598
U 14.3938 4101 311.637 -723.008 -329.871 0.061 1.029
U 14.3938 4102 311.637 -723.008 -329.871 0.251 1.273
U 14.3938 4103 311.637 -723.008 -329.871 0.029 1.326
U 14.3938 4104 311.637 -723.008 -329.871 0.251 1.522
U 14.3938 4105 311.637 -723.008 -329.871 0.251 1.522
H 14.3978 317.420 -719.284 -335.268
H 14.4018 317.406 -719.284 -335.282
H 14.4054 317.396 -719.284 -335.294
H 14.4090 317.386 -719.284 -335.304
U 14.4101 4101 311.274 -723.008 -329.527 0.061 1.029
U 14.4101 4102 311.274 -723.008 -329.527 0.251 1.273
U 14.4103 4103 311.274 -723.008 -329.527 0.029 1.326
U 14.4103 4104 311.274 -723.008 -329.527 0.251 1.522
U 14.4103 4105 311.274 -723.008 -329.527 0.251 1.522
H 14.4145 317.013 -719.284 -334.971
H 14.4181 316.998 -719.284 -334.986
H 14.4217 316.988 -719.284 -334.997
H 14.4256 316.978 -719.284 -335.007
U 14.4268 4101 310.914 -723.007 -329.180 0.061 1.029
U 14.4268 4102 310.914 -723.007 -329.180 0.251 1.273
U 14.4268 4103 310.914 -723.007 -329.180 0.029 1.326
U 14.4268 4104 310.914 -723.007 -329.180 0.251 1.522
U 14.4268 4105 310.914 -723.007 -329.180 0.251 1.522
H 14.4307 316.608 -719.284 -334.671
H 14.4343 316.594 -719.284 -334.685
H 14.4382 316.584 -719.284 -334.696
H 14.4418 316.573 -719.284 -334.707
U 14.4430 4101 310.914 -723.007 -329.180 0.000 0.566
U 14.4430 4102 310.914 -723.007 -329.180 0.000 0.792
U 14.4430 4103 310.914 -723.007 -329.180 0.000 0.841
U 14.4430 4104 310.914 -723.007 -329.180 0.000 0.794
U 14.4430 4105 310.914 -723.007 -329.180 0.000 0.794
H 14.4466 316.563 -719.284 -334.717
H 14.4507 316.550 -719.284 -334.730
H 14.4543 316.539 -719.284 -334.742
H 14.4579 316.529 -719.284 -334.752
H 14.4617 316.518 -719.284 -334.762
U 14.4628 4101 310.909 -723.007 -329.175 0.000 0.570
U 14.4628 4102 310.909 -723.007 -329.175 0.000 0.798
U 14.4628 4103 310.909 -723.007 -329.175 0.001 0.845
U 14.4628 4104 310.909 -723.007 -329.175 0.000 0.798
U 14.4628 4105 310.909 -723.007 -329.175 0.000 0.798
H 14.4664 316.503 -719.284 -334.768
H 14.4700 316.490 -719.284 -334.781
H 14.4739 316.480 -719.284 -334.791
H 14.4775 316.469 -719.284 -334.802
U 14.4787 4101 310.899 -723.007 -329.165 0.000 0.575
U 14.4787 4102 310.899 -723.007 -329.165 0.000 0.803
U 14.4787 4103 310.899 -723.007 -329.165 0.001 0.849
U 14.4787 4104 310.899 -723.007 -329.165 0.000 0.803
U 14.4787 4105 310.899 -723.007 -329.165 0.000 0.803
H 14.4822 316.449 -719.284 -334.802
H 14.4863 316.435 -719.284 -334.815
H 14.4899 316.424 -719.284 -334.826
H 14.4936 316.414 -719.284 -334.836
U 14.4947 4101 310.885 -723.007 -329.150 0.001 0.580
U 14.4947 4102 310.885 -723.007 -329.150 0.000 0.808
U 14.4947 4103 310.885 -723.007 -329.150 0.002 0.853
U 14.4947 4104 310.885 -723.007 -329.150 0.000 0.808
U 14.4947 4105 310.885 -723.007 -329.150 0.000 0.808
H 14.4988 316.389 -719.284 -334.832
H 14.5025 316.374 -719.284 -334.846
H 14.5062 316.363 -719.284 -334.856
H 14.5101 316.353 -719.284 -334.866
U 14.5113 4101 310.865 -723.007 -329.130 0.001 0.585
U 14.5113 4102 310.865 -723.007 -329.130 0.000 0.813
U 14.5113 4103 310.865 -723.007 -329.130 0.003 0.858
U 14.5113 4104 310.865 -723.007 -329.130 0.000 0.813
U 14.5113 4105 310.865 -723.007 -329.130 0.000 0.813
H 14.5149 316.322 -719.284 -334.857
H 14.5186 316.308 -719.284 -334.870
H 14.5226 316.298 -719.284 -334.880
H 14.5263 316.286 -719.284 -334.891
U 14.5274 4101 310.841 -723.007 -329.106 0.001 0.589
U 14.5274 4102 310.841 -723.007 -329.106 0.000 0.819
U 14.5274 4103 310.841 -723.007 -329.106 0.004 0.862
U 14.5274 4104 310.841 -723.007 -329.106 0.007 0.818
U 14.5274 4105 310.841 -723.007 -329.106 0.007 0.818
H 14.5310 316.252 -719.284 -334.876
H 14.5349 316.238 -719.284 -334.889
H 14.5385 316.227 -719.284 -334.899
H 14.5421 316.216 -719.284 -334.909
U 14.5433 4101 310.812 -723.008 -329.075 0.001 0.594
U 14.5433 4102 310.812 -723.008 -329.075 0.000 0.824
U 14.5433 4103 310.812 -723.008 -329.075 0.004 0.866
U 14.5433 4104 310.812 -723.008 -329.075 0.016 0.823
U 14.5433 4105 310.812 -723.008 -329.075 0.016 0.823
H 14.5472 316.177 -719.284 -334.889
H 14.5509 316.162 -719.284 -334.902
H 14.5545 316.151 -719.284 -334.912
H 14.5585 316.141 -719.284 -334.922
U 14.5596 4101 310.812 -723.008 -329.075 0.000 0.566
U 14.5596 4102 310.812 -723.008 -329.075 0.000 0.792
U 14.5596 4103 310.812 -723.008 -329.075 0.000 0.841
U 14.5596 4104 310.812 -723.008 -329.075 0.000 0.794
U 14.5596 4105 310.812 -723.008 -329.075 0.000 0.794
H 14.5632 316.129 -719.284 -334.932
H 14.5669 316.115 -719.284 -334.945
H 14.5710 316.104 -719.284 -334.955
H 14.5747 316.092 -719.284 -334.966
H 14.5783 316.081 -719.284 -334.975
U 14.5794 4101 310.808 -723.007 -329.070 0.000 0.570
U 14.5795 4102 310.808 -723.007 -329.070 0.000 0.798
U 14.5795 4103 310.808 -723.007 -329.070 0.001 0.845
U 14.5795 4104 310.808 -723.007 -329.070 0.000 0.798
U 14.5795 4105 310.808 -723.007 -329.070 0.000 0.798
H 14.5834 316.066 -719.284 -334.979
H 14.5870 316.051 -719.284 -334.993
H 14.5907 316.040 -719.284 -335.002
H 14.5946 316.029 -719.284 -335.012
U 14.5959 4101 310.808 -723.007 -329.070 0.000 0.566
U 14.5959 4102 310.808 -723.007 -329.070 0.000 0.792
U 14.5959 4103 310.808 -723.007 -329.070 0.000 0.841
U 14.5959 4104 310.808 -723.007 -329.070 0.000 0.794
U 14.5959 4105 310.808 -723.007 -329.070 0.000 0.794
H 14.5994 316.018 -719.284 -335.022
H 14.6031 316.003 -719.284 -335.035
H 14.6070 315.992 -719.284 -335.044
H 14.6107 315.981 -719.284 -335.055
U 14.6118 4101 310.803 -723.007 -329.065 0.000 0.570
U 14.6118 4102 310.803 -723.007 -329.065 0.000 0.798
U 14.6119 4103 310.803 -723.007 -329.065 0.001 0.845
U 14.6119 4104 310.803 -723.007 -329.065 0.000 0.798
U 14.6119 4105 310.803 -723.007 -329.065 0.000 0.798
H 14.6154 315.965 -719.284 -335.059
H 14.6192 315.951 -719.284 -335.071
H 14.6229 315.940 -719.284 -335.081
H 14.6265 315.929 -719.284 -335.090
U 14.6277 4101 310.803 -723.007 -329.065 0.000 0.566
U 14.6277 4102 310.803 -723.007 -329.065 0.000 0.792
U 14.6277 4103 310.803 -723.007 -329.065 0.000 0.841
U 14.6277 4104 310.803 -723.007 -329.065 0.000 0.794
U 14.6277 4105 310.803 -723.007 -329.065 0.000 0.794
H 14.6316 315.918 -719.284 -335.099
H 14.6354 315.902 -719.284 -335.113
H 14.6389 315.891 -719.284 -335.122
H 14.6428 315.880 -719.284 -335.131
U 14.6439 4101 310.803 -723.007 -329.065 0.000 0.566
U 14.6439 4102 310.803 -723.007 -329.065 0.000 0.792
U 14.6439 4103 310.803 -723.007 -329.065 0.000 0.841
U 14.6439 4104 310.803 -723.007 -329.065 0.000 0.794
U 14.6439 4105 310.803 -723.007 -329.065 0.000 0.794
H 14.6474 315.868 -719.284 -335.141
H 14.6510 315.854 -719.284 -335.152
H 14.6549 315.843 -719.284 -335.161
H 14.6585 315.831 -719.284 -335.171
U 14.6597 4101 310.799 -723.008 -329.060 0.000 0.570
U 14.6597 4102 310.799 -723.008 -329.060 0.000 0.798
U 14.6597 4103 310.799 -723.008 -329.060 0.001 0.845
U 14.6597 4104 310.799 -723.008 -329.060 0.000 0.798
U 14.6597 4105 310.799 -723.008 -329.060 0.000 0.798
H 14.6632 315.816 -719.284 -335.175
H 14.6670 315.802 -719.284 -335.187
H 14.6706 315.790 -719.284 -335.196
H 14.6743 315.779 -719.284 -335.205
H 14.6782 315.768 -719.284 -335.214
U 14.6793 4101 310.799 -723.008 -329.060 0.000 0.566
U 14.6793 4102 310.799 -723.008 -329.060 0.000 0.792
U 14.6793 4103 310.799 -723.008 -329.060 0.000 0.841
U 14.6794 4104 310.799 -723.008 -329.060 0.000 0.794
U 14.6794 4105 310.799 -723.008 -329.060 0.000 0.794
H 14.6830 315.756 -719.284 -335.224
H 14.6867 315.741 -719.284 -335.236
H 14.6908 315.729 -719.284 -335.245
H 14.6944 315.717 -719.284 -335.255
U 14.6955 4101 310.794 -723.008 -329.054 0.000 0.570
U 14.6955 4102 310.794 -723.008 -329.054 0.000 0.798
U 14.6955 4103 310.794 -723.008 -329.054 0.001 0.845
U 14.6955 4104 310.794 -723.008 -329.054 0.000 0.798
U 14.6955 4105 310.794 -723.008 -329.054 0.000 0.798
H 14.6990 315.701 -719.284 -335.259
H 14.7029 315.687 -719.284 -335.270
H 14.7065 315.675 -719.284 -335.279
H 14.7101 315.664 -719.284 -335.288
U 14.7112 4101 310.794 -723.008 -329.054 0.000 0.566
U 14.7112 4102 310.794 -723.008 -329.054 0.000 0.792
U 14.7112 4103 310.794 -723.008 -329.054 0.000 0.841
U 14.7112 4104 310.794 -723.008 -329.054 0.000 0.794
U 14.7112 4105 310.794 -723.008 -329.054 0.000 0.794
H 14.7150 315.652 -719.284 -335.297
H 14.7186 315.637 -719.284 -335.309
H 14.7221 315.626 -719.284 -335.317
H 14.7259 315.615 -719.284 -335.326
U 14.7271 4101 310.790 -723.007 -329.049 0.000 0.570
U 14.7271 4102 310.790 -723.007 -329.049 0.000 0.798
U 14.7271 4103 310.790 -723.007 -329.049 0.001 0.845
U 14.7271 4104 310.790 -723.007 -329.049 0.000 0.798
U 14.7271 4105 310.790 -723.007 -329.049 0.000 0.798
H 14.7307 315.599 -719.284 -335.330
H 14.7346 315.583 -719.284 -335.341
H 14.7387 315.571 -719.284 -335.350
H 14.7426 315.558 -719.284 -335.360
U 14.7438 4101 310.790 -723.007 -329.049 0.000 0.566
U 14.7438 4102 310.790 -723.007 -329.049 0.000 0.792
U 14.7438 4103 310.790 -723.007 -329.049 0.000 0.841
U 14.7438 4104 310.790 -723.007 -329.049 0.000 0.794
U 14.7438 4105 310.790 -723.007 -329.049 0.000 0.794
H 14.7474 315.546 -719.284 -335.370
H 14.7512 315.531 -719.284 -335.381
H 14.7548 315.519 -719.284 -335.390
H 14.7583 315.508 -719.284 -335.398
U 14.7594 4101 310.786 -723.008 -329.043 0.000 0.570
U 14.7594 4102 310.786 -723.008 -329.043 0.000 0.798
U 14.7594 4103 310.786 -723.008 -329.043 0.001 0.845
U 14.7594 4104 310.786 -723.008 -329.043 0.000 0.798
U 14.7594 4105 310.786 -723.008 -329.043 0.000 0.798
H 14.7633 315.492 -719.284 -335.401
H 14.7669 315.476 -719.284 -335.413
H 14.7704 315.465 -719.284 -335.421
H 14.7742 315.454 -719.284 -335.429
H 14.7779 315.441 -719.284 -335.438
U 14.7790 4101 310.786 -723.008 -329.043 0.000 0.566
U 14.7790 4102 310.786 -723.008 -329.043 0.000 0.792
U 14.7790 4103 310.786 -723.008 -329.043 0.000 0.841
U 14.7790 4104 310.786 -723.008 -329.043 0.000 0.794
U 14.7790 4105 310.786 -723.008 -329.043 0.000 0.794
H 14.7825 315.430 -719.284 -335.447
H 14.7864 315.415 -719.284 -335.458
H 14.7899 315.402 -719.284 -335.467
H 14.7935 315.391 -719.284 -335.475
U 14.7947 4101 310.782 -723.007 -329.037 0.000 0.570
U 14.7947 4102 310.782 -723.007 -329.037 0.000 0.798
U 14.7947 4103 310.782 -723.007 -329.037 0.001 0.845
U 14.7947 4104 310.782 -723.007 -329.037 0.000 0.798
U 14.7947 4105 310.782 -723.007 -329.037 0.000 0.798
H 14.7984 315.375 -719.284 -335.477
H 14.8019 315.360 -719.284 -335.489
H 14.8055 315.348 -719.284 -335.497
H 14.8096 315.337 -719.284 -335.505
U 14.8108 4101 310.782 -723.007 -329.037 0.000 0.566
U 14.8108 4102 310.782 -723.007 -329.037 0.000 0.792
U 14.8108 4103 310.782 -723.007 -329.037 0.000 0.841
U 14.8108 4104 310.782 -723.007 -329.037 0.000 0.794
U 14.8108 4105 310.782 -723.007 -329.037 0.000 0.794
H 14.8142 315.323 -719.284 -335.514
H 14.8178 315.308 -719.284 -335.525
H 14.8215 315.297 -719.284 -335.533
H 14.8250 315.285 -719.284 -335.541
U 14.8261 4101 310.778 -723.008 -329.032 0.000 0.570
U 14.8261 4102 310.778 -723.008 -329.032 0.000 0.798
U 14.8261 4103 310.778 -723.008 -329.032 0.001 0.845
U 14.8261 4104 310.778 -723.008 -329.032 0.000 0.798
U 14.8261 4105 310.778 -723.008 -329.032 0.000 0.798
H 14.8295 315.270 -719.284 -335.543
H 14.8333 315.255 -719.284 -335.553
H 14.8368 315.243 -719.284 -335.562
H 14.8404 315.231 -719.284 -335.570
H 14.8442 315.219 -719.284 -335.577
U 14.8454 4101 310.778 -723.008 -329.032 0.000 0.566
U 14.8454 4102 310.778 -723.008 -329.032 0.000 0.792
U 14.8454 4103 310.778 -723.008 -329.032 0.000 0.841
U 14.8454 4104 310.778 -723.008 -329.032 0.000 0.794
U 14.8454 4105 310.778 -723.008 -329.032 0.000 0.794
H 14.8488 315.207 -719.284 -335.586
H 14.8524 315.192 -719.284 -335.596
H 14.8562 315.180 -719.284 -335.604
H 14.8597 315.168 -719.284 -335.612
U 14.8608 4101 310.774 -723.007 -329.026 0.000 0.570
U 14.8608 4102 310.774 -723.007 -329.026 0.000 0.798
U 14.8608 4103 310.774 -723.007 -329.026 0.001 0.845
U 14.8608 4104 310.774 -723.007 -329.026 0.000 0.798
U 14.8608 4105 310.774 -723.007 -329.026 0.000 0.798
H 14.8642 315.152 -719.284 -335.614
H 14.8681 315.137 -719.284 -335.624
H 14.8716 315.124 -719.284 -335.633
H 14.8751 315.113 -719.284 -335.640
U 14.8762 4101 310.774 -723.007 -329.026 0.000 0.566
U 14.8762 4102 310.774 -723.007 -329.026 0.000 0.792
U 14.8762 4103 310.774 -723.007 -329.026 0.000 0.841
U 14.8762 4104 310.774 -723.007 -329.026 0.000 0.794
U 14.8762 4105 310.774 -723.007 -329.026 0.000 0.794
H 14.8799 315.101 -719.284 -335.648
H 14.8834 315.085 -719.284 -335.658
H 14.8871 315.073 -719.284 -335.666
H 14.8908 315.062 -719.284 -335.673
H 14.8942 315.049 -719.284 -335.681
U 14.8953 4101 310.771 -723.007 -329.020 0.000 0.570
U 14.8954 4102 310.771 -723.007 -329.020 0.000 0.798
U 14.8954 4103 310.771 -723.007 -329.020 0.001 0.845
U 14.8954 4104 310.771 -723.007 -329.020 0.000 0.798
U 14.8954 4105 310.771 -723.007 -329.020 0.000 0.798
H 14.8988 315.034 -719.284 -335.683
H 14.9026 315.019 -719.284 -335.693
H 14.9060 315.006 -719.284 -335.701
H 14.9095 314.995 -719.284 -335.708
U 14.9106 4101 310.771 -723.007 -329.020 0.000 0.566
U 14.9106 4102 310.771 -723.007 -329.020 0.000 0.792
U 14.9106 4103 310.771 -723.007 -329.020 0.000 0.841
U 14.9106 4104 310.771 -723.007 -329.020 0.000 0.794
U 14.9106 4105 310.771 -723.007 -329.020 0.000 0.794
H 14.9142 314.983 -719.284 -335.715
H 14.9177 314.967 -719.284 -335.725
H 14.9211 314.955 -719.284 -335.733
H 14.9250 314.944 -719.284 -335.740
U 14.9261 4101 310.771 -723.007 -329.020 0.000 0.566
U 14.9261 4102 310.771 -723.007 -329.020 0.000 0.793
U 14.9261 4103 310.771 -723.007 -329.020 0.000 0.841
U 14.9261 4104 310.771 -723.007 -329.020 0.000 0.794
U 14.9261 4105 310.771 -723.007 -329.020 0.000 0.794
H 14.9296 314.931 -719.284 -335.748
H 14.9330 314.916 -719.284 -335.757
H 14.9368 314.904 -719.284 -335.764
H 14.9402 314.891 -719.284 -335.772
H 14.9437 314.880 -719.284 -335.779
U 14.9448 4101 310.771 -723.007 -329.020 0.000 0.566
U 14.9448 4102 310.771 -723.007 -329.020 0.000 0.793
U 14.9448 4103 310.771 -723.007 -329.020 0.000 0.841
U 14.9448 4104 310.771 -723.007 -329.020 0.000 0.794
U 14.9448 4105 310.771 -723.007 -329.020 0.000 0.794
H 14.9484 314.868 -719.284 -335.786
H 14.9518 314.852 -719.284 -335.796
H 14.9553 314.840 -719.284 -335.803
H 14.9590 314.829 -719.284 -335.810
U 14.9601 4101 310.771 -723.007 -329.020 0.000 0.566
U 14.9601 4102 310.771 -723.007 -329.020 0.000 0.793
U 14.9601 4103 310.771 -723.007 -329.020 0.000 0.842
U 14.9601 4104 310.771 -723.007 -329.020 0.000 0.794
U 14.9601 4105 310.771 -723.007 -329.020 0.000 0.794
H 14.9635 314.816 -719.284 -335.818
H 14.9669 314.801 -719.284 -335.827
H 14.9705 314.789 -719.284 -335.833
H 14.9739 314.777 -719.284 -335.841
H 14.9773 314.765 -719.284 -335.847
U 14.9784 4101 310.771 -723.007 -329.020 0.000 0.566
U 14.9784 4102 310.771 -723.007 -329.020 0.000 0.793
U 14.9784 4103 310.771 -723.007 -329.020 0.000 0.842
U 14.9784 4104 310.771 -723.007 -329.020 0.000 0.795
U 14.9784 4105 310.771 -723.007 -329.020 0.000 0.795
H 14.9820 314.754 -719.284 -335.854
H 14.9855 314.737 -719.284 -335.864
H 14.9888 314.726 -719.284 -335.870
H 14.9926 314.714 -719.284 -335.877
U 14.9937 4101 310.771 -723.007 -329.020 0.000 0.566
U 14.9937 4102 310.771 -723.007 -329.020 0.000 0.793
U 14.9937 4103 310.771 -723.007 -329.020 0.000 0.842
U 14.9937 4104 310.771 -723.007 -329.020 0.000 0.795
U 14.9937 4105 310.771 -723.007 -329.020 0.000 0.795
H 14.9971 314.701 -719.284 -335.885
H 15.0006 314.686 -719.284 -335.893
H 15.0043 314.674 -719.284 -335.900
H 15.0077 314.661 -719.284 -335.907
H 15.0113 314.649 -719.284 -335.914
U 15.0124 4101 310.771 -723.007 -329.020 0.000 0.566
U 15.0124 4102 310.771 -723.007 -329.020 0.000 0.794
U 15.0124 4103 310.771 -723.007 -329.020 0.000 0.842
U 15.0124 4104 310.771 -723.007 -329.020 0.000 0.795
U 15.0124 4105 310.771 -723.007 -329.020 0.000 0.795
H 15.0161 314.637 -719.284 -335.921
H 15.0196 314.620 -719.284 -335.930
H 15.0231 314.608 -719.284 -335.937
H 15.0271 314.596 -719.284 -335.944
U 15.0282 4101 310.771 -723.007 -329.020 0.000 0.567
U 15.0282 4102 310.771 -723.007 -329.020 0.000 0.794
U 15.0282 4103 310.771 -723.007 -329.020 0.000 0.842
U 15.0282 4104 310.771 -723.007 -329.020 0.000 0.795
U 15.0282 4105 310.771 -723.007 -329.020 0.000 0.795
H 15.0317 314.582 -719.284 -335.951
H 15.0352 314.566 -719.284 -335.960
H 15.0393 314.554 -719.284 -335.967
H 15.0429 314.540 -719.284 -335.974
U 15.0441 4101 310.771 -723.007 -329.020 0.000 0.567
U 15.0441 4102 310.771 -723.007 -329.020 0.000 0.794
U 15.0441 4103 310.771 -723.007 -329.020 0.000 0.843
U 15.0441 4104 310.771 -723.007 -329.020 0.000 0.795
U 15.0441 4105 310.771 -723.007 -329.020 0.000 0.795
H 15.0476 314.527 -719.284 -335.981
H 15.0513 314.511 -719.284 -335.990
H 15.0548 314.498 -719.284 -335.997
H 15.0583 314.486 -719.284 -336.003
U 15.0594 4101 310.771 -723.007 -329.020 0.000 0.567
U 15.0594 4102 310.771 -723.007 -329.020 0.000 0.794
U 15.0594 4103 310.771 -723.007 -329.020 0.000 0.843
U 15.0594 4104 310.771 -723.007 -329.020 0.000 0.796
U 15.0595 4105 310.771 -723.007 -329.020 0.000 0.796
H 15.0632 314.474 -719.284 -336.010
H 15.0666 314.457 -719.284 -336.019
H 15.0701 314.444 -719.284 -336.025
H 15.0739 314.432 -719.284 -336.032
H 15.0774 314.419 -719.284 -336.039
U 15.0785 4101 310.771 -723.007 -329.020 0.000 0.567
U 15.0785 4102 310.771 -723.007 -329.020 0.000 0.794
U 15.0785 4103 310.771 -723.007 -329.020 0.000 0.843
U 15.0785 4104 310.771 -723.007 -329.020 0.000 0.796
U 15.0785 4105 310.771 -723.007 -329.020 0.000 0.796
H 15.0820 314.407 -719.284 -336.045
H 15.0857 314.391 -719.284 -336.053
H 15.0893 314.377 -719.284 -336.060
H 15.0928 314.365 -719.284 -336.066
U 15.0939 4101 310.771 -723.007 -329.020 0.000 0.567
U 15.0939 4102 310.771 -723.007 -329.020 0.000 0.794
U 15.0939 4103 310.771 -723.007 -329.020 0.000 0.843
U 15.0939 4104 310.771 -723.007 -329.020 0.000 0.796
U 15.0939 4105 310.771 -723.007 -329.020 0.000 0.796
H 15.0976 314.353 -719.284 -336.073
H 15.1011 314.336 -719.284 -336.081
H 15.1046 314.323 -719.284 -336.088
H 15.1084 314.311 -719.284 -336.094
U 15.1095 4101 310.771 -723.007 -329.020 0.000 0.567
U 15.1095 4102 310.771 -723.007 -329.020 0.000 0.795
U 15.1095 4103 310.771 -723.007 -329.020 0.000 0.843
U 15.1095 4104 310.771 -723.007 -329.020 0.000 0.796
U 15.1095 4105 310.771 -723.007 -329.020 0.000 0.796
H 15.1130 314.297 -719.284 -336.100
H 15.1165 314.281 -719.284 -336.109
H 15.1202 314.269 -719.284 -336.115
H 15.1237 314.255 -719.284 -336.121
H 15.1272 314.243 -719.284 -336.127
U 15.1283 4101 310.771 -723.007 -329.020 0.000 0.567
U 15.1283 4102 310.771 -723.007 -329.020 0.000 0.795
U 15.1283 4103 310.771 -723.007 -329.020 0.000 0.844
U 15.1283 4104 310.771 -723.007 -329.020 0.000 0.796
U 15.1283 4105 310.771 -723.007 -329.020 0.000 0.796
H 15.1320 314.231 -719.284 -336.133
H 15.1355 314.214 -719.284 -336.142
H 15.1391 314.201 -719.284 -336.148
H 15.1429 314.188 -719.284 -336.154
U 15.1440 4101 310.771 -723.007 -329.020 0.000 0.567
U 15.1440 4102 310.771 -723.007 -329.020 0.000 0.795
U 15.1440 4103 310.771 -723.007 -329.020 0.000 0.844
U 15.1440 4104 310.771 -723.007 -329.020 0.000 0.796
U 15.1441 4105 310.771 -723.007 -329.020 0.000 0.796
H 15.1475 314.175 -719.284 -336.160
H 15.1509 314.158 -719.284 -336.168
H 15.1549 314.146 -719.284 -336.174
H 15.1583 314.132 -719.284 -336.181
U 15.1594 4101 310.771 -723.007 -329.020 0.000 0.568
U 15.1594 4102 310.771 -723.007 -329.020 0.000 0.795
U 15.1594 4103 310.771 -723.007 -329.020 0.000 0.844
U 15.1594 4104 310.771 -723.007 -329.020 0.000 0.797
U 15.1594 4105 310.771 -723.007 -329.020 0.000 0.797
H 15.1628 314.120 -719.284 -336.186
H 15.1665 314.103 -719.284 -336.194
H 15.1711 314.090 -719.284 -336.200
H 15.1747 314.074 -719.284 -336.207
H 15.1785 314.061 -719.284 -336.213
U 15.1796 4101 310.771 -723.007 -329.020 0.000 0.568
U 15.1796 4102 310.771 -723.007 -329.020 0.000 0.795
U 15.1796 4103 310.771 -723.007 -329.020 0.000 0.844
U 15.1796 4104 310.771 -723.007 -329.020 0.000 0.797
U 15.1796 4105 310.771 -723.007 -329.020 0.000 0.797
H 15.1831 314.047 -719.284 -336.220
H 15.1865 314.031 -719.284 -336.227
H 15.1902 314.018 -719.284 -336.233
H 15.1937 314.005 -719.284 -336.239
U 15.1947 4101 310.771 -723.007 -329.020 0.000 0.568
U 15.1948 4102 310.771 -723.007 -329.020 0.000 0.796
U 15.1948 4103 310.771 -723.007 -329.020 0.000 0.844
U 15.1948 4104 310.771 -723.007 -329.020 0.000 0.797
U 15.1948 4105 310.771 -723.007 -329.020 0.000 0.797
H 15.1981 313.992 -719.284 -336.244
H 15.2017 313.976 -719.284 -336.251
H 15.2051 313.963 -719.284 -336.257
H 15.2084 313.951 -719.284 -336.263
U 15.2095 4101 310.771 -723.007 -329.020 0.000 0.568
U 15.2095 4102 310.771 -723.007 -329.020 0.000 0.796
U 15.2095 4103 310.771 -723.007 -329.020 0.000 0.845
U 15.2095 4104 310.771 -723.007 -329.020 0.000 0.797
U 15.2095 4105 310.771 -723.007 -329.020 0.000 0.797
H 15.2132 313.939 -719.284 -336.268
H 15.2166 313.922 -719.284 -336.276
H 15.2201 313.909 -719.284 -336.281
H 15.2238 313.897 -719.284 -336.286
H 15.2273 313.883 -719.284 -336.292
U 15.2284 4101 310.771 -723.007 -329.020 0.000 0.568
U 15.2284 4102 310.771 -723.007 -329.020 0.000 0.796
U 15.2284 4103 310.771 -723.007 -329.020 0.000 0.845
U 15.2284 4104 310.771 -723.007 -329.020 0.000 0.797
U 15.2284 4105 310.771 -723.007 -329.020 0.000 0.797
H 15.2319 313.871 -719.284 -336.297
H 15.2358 313.854 -719.284 -336.305
H 15.2393 313.840 -719.284 -336.311
H 15.2429 313.827 -719.284 -336.316
U 15.2440 4101 310.771 -723.007 -329.020 0.000 0.568
U 15.2440 4102 310.771 -723.007 -329.020 0.000 0.796
U 15.2440 4103 310.771 -723.007 -329.020 0.000 0.845
U 15.2440 4104 310.771 -723.007 -329.020 0.000 0.797
U 15.2440 4105 310.771 -723.007 -329.020 0.000 0.797
H 15.2477 313.814 -719.284 -336.321
H 15.2512 313.796 -719.284 -336.329
H 15.2546 313.783 -719.284 -336.334
H 15.2600 313.771 -719.284 -336.339
U 15.2612 4101 310.771 -723.007 -329.020 0.000 0.568
U 15.2612 4102 310.771 -723.007 -329.020 0.000 0.796
U 15.2612 4103 310.771 -723.007 -329.020 0.000 0.845
U 15.2612 4104 310.771 -723.007 -329.020 0.000 0.798
U 15.2612 4105 310.771 -723.007 -329.020 0.000 0.798
H 15.2647 313.751 -719.284 -336.347
H 15.2681 313.734 -719.284 -336.354
H 15.2723 313.721 -719.284 -336.359
H 15.2758 313.706 -719.284 -336.365
U 15.2769 4101 310.771 -723.007 -329.020 0.000 0.568
U 15.2769 4102 310.771 -723.007 -329.020 0.000 0.796
U 15.2769 4103 310.771 -723.007 -329.020 0.000 0.845
U 15.2769 4104 310.771 -723.007 -329.020 0.000 0.798
U 15.2769 4105 310.771 -723.007 -329.020 0.000 0.798
H 15.2804 313.693 -719.284 -336.371
H 15.2842 313.676 -719.284 -336.377
H 15.2876 313.662 -719.284 -336.383
H 15.2912 313.650 -719.284 -336.388
H 15.2950 313.637 -719.284 -336.393
U 15.2961 4101 310.771 -723.007 -329.020 0.000 0.569
U 15.2961 4102 310.771 -723.007 -329.020 0.000 0.797
U 15.2961 4103 310.771 -723.007 -329.020 0.000 0.845
U 15.2961 4104 310.771 -723.007 -329.020 0.000 0.798
U 15.2961 4105 310.771 -723.007 -329.020 0.000 0.798
H 15.2995 313.623 -719.284 -336.398
H 15.3030 313.606 -719.284 -336.405
H 15.3069 313.593 -719.284 -336.410
H 15.3104 313.579 -719.284 -336.415
