L 11.5119 0 1.341 F:/Transformers Rebuild/ExtractedAssets/VerticalSlice/../content/WL_GUN_ION_BLASTER/GUN_ION_BLASTER_HEAD.wav
L 11.5120 1 0.755 F:/Transformers Rebuild/ExtractedAssets/VerticalSlice/../content/WL_GUN_NEUTRON_RIFLE/GUN_ASSAULTRIFLE_NRG_DISTANT.wav
L 11.5121 2 0.483 F:/Transformers Rebuild/ExtractedAssets/VerticalSlice/../content/WL_GUN_NEUTRON_RIFLE/MTL_SHELL_SLUG_DROP_CONCRT_01.wav
L 11.5121 3 0.867 F:/Transformers Rebuild/ExtractedAssets/VerticalSlice/../content/WL_GUN_NEUTRON_RIFLE/MTL_SHELL_SLUG_DROP_CONCRT_02.wav
L 11.5121 4 0.501 F:/Transformers Rebuild/ExtractedAssets/VerticalSlice/../content/WL_GUN_NEUTRON_RIFLE/MTL_SHELL_SLUG_DROP_CONCRT_03.wav
L 11.5122 5 0.483 F:/Transformers Rebuild/ExtractedAssets/VerticalSlice/../content/WL_GUN_NEUTRON_RIFLE/MTL_SHELL_SLUG_DROP_CONCRT_04.wav
L 11.5122 6 2.355 F:/Transformers Rebuild/ExtractedAssets/VerticalSlice/../content/WL_GUN_HANDCANNON/GUN_HANDCANNON_SHOOT_LR_01.wav
L 11.5122 7 0.483 F:/Transformers Rebuild/ExtractedAssets/VerticalSlice/../content/WL_GUN_NEUTRON_RIFLE/MTL_SHELL_SLUG_DROP_CONCRT_01.wav
L 11.5123 8 0.867 F:/Transformers Rebuild/ExtractedAssets/VerticalSlice/../content/WL_GUN_NEUTRON_RIFLE/MTL_SHELL_SLUG_DROP_CONCRT_02.wav
L 11.5123 9 0.501 F:/Transformers Rebuild/ExtractedAssets/VerticalSlice/../content/WL_GUN_NEUTRON_RIFLE/MTL_SHELL_SLUG_DROP_CONCRT_03.wav
L 11.5123 10 0.483 F:/Transformers Rebuild/ExtractedAssets/VerticalSlice/../content/WL_GUN_NEUTRON_RIFLE/MTL_SHELL_SLUG_DROP_CONCRT_04.wav
L 11.5124 11 1.341 F:/Transformers Rebuild/ExtractedAssets/VerticalSlice/../content/WL_GUN_ION_BLASTER/GUN_ION_BLASTER_HEAD.wav
L 11.5124 12 0.755 F:/Transformers Rebuild/ExtractedAssets/VerticalSlice/../content/WL_GUN_NEUTRON_RIFLE/GUN_ASSAULTRIFLE_NRG_DISTANT.wav
L 11.5124 13 0.483 F:/Transformers Rebuild/ExtractedAssets/VerticalSlice/../content/WL_GUN_NEUTRON_RIFLE/MTL_SHELL_SLUG_DROP_CONCRT_01.wav
L 11.5124 14 0.867 F:/Transformers Rebuild/ExtractedAssets/VerticalSlice/../content/WL_GUN_NEUTRON_RIFLE/MTL_SHELL_SLUG_DROP_CONCRT_02.wav
L 11.5125 15 0.501 F:/Transformers Rebuild/ExtractedAssets/VerticalSlice/../content/WL_GUN_NEUTRON_RIFLE/MTL_SHELL_SLUG_DROP_CONCRT_03.wav
L 11.5125 16 0.483 F:/Transformers Rebuild/ExtractedAssets/VerticalSlice/../content/WL_GUN_NEUTRON_RIFLE/MTL_SHELL_SLUG_DROP_CONCRT_04.wav
L 11.5125 17 2.355 F:/Transformers Rebuild/ExtractedAssets/VerticalSlice/../content/WL_GUN_HANDCANNON/GUN_HANDCANNON_SHOOT_LR_01.wav
L 11.5125 18 0.413 F:/Transformers Rebuild/ExtractedAssets/VerticalSlice/../content/WL_GUN_FOLEY/LOW_AMMO_WARNING_01.wav
L 11.5126 19 1.621 F:/Transformers Rebuild/ExtractedAssets/VerticalSlice/../content/WL_GUN_ION_BLASTER/GUN_ION_BLASTER_TAIL.wav
L 11.5126 20 0.560 F:/Transformers Rebuild/ExtractedAssets/VerticalSlice/../content/WL_GUN_FOLEY/RELOAD_SERVO_MECH_05.wav
L 11.5126 21 0.509 F:/Transformers Rebuild/ExtractedAssets/VerticalSlice/../content/WL_GUN_FOLEY/GUN_DW2_REDEEM_RELOAD_START.wav
L 11.5127 22 0.563 F:/Transformers Rebuild/ExtractedAssets/VerticalSlice/../content/WL_GUN_FOLEY/RELOAD_AIR_RELEASE_THUMP.wav
L 11.5127 23 0.520 F:/Transformers Rebuild/ExtractedAssets/VerticalSlice/../content/WL_FOLY_BOT/SERVO_IDLE_FOLY_01.wav
L 11.5127 24 0.749 F:/Transformers Rebuild/ExtractedAssets/VerticalSlice/../content/WL_FOLY_BOT/SERVO_IDLE_FOLY_04.wav
L 11.5128 25 0.541 F:/Transformers Rebuild/ExtractedAssets/VerticalSlice/../content/WL_GUN_FOLEY/GUN_RIFLE_CLIP_RELOAD.wav
L 11.5128 26 0.784 F:/Transformers Rebuild/ExtractedAssets/VerticalSlice/../content/WL_GUN_ION_BLASTER/TRANS_ION_UNEQUIP_SERVOS.wav
L 11.5129 27 0.912 F:/Transformers Rebuild/ExtractedAssets/VerticalSlice/../content/WL_GUN_PULSE_RIFLE/GUN_FOLEY_MG_SERVO_MTL_SYNTH_02.wav
L 11.5129 28 0.224 F:/Transformers Rebuild/ExtractedAssets/VerticalSlice/../content/WL_GUN_FOLEY/RELOAD_BOLT_07.wav
L 11.5129 29 0.224 F:/Transformers Rebuild/ExtractedAssets/VerticalSlice/../content/WL_GUN_FOLEY/RELOAD_BOLT_07.wav
L 11.5130 30 0.224 F:/Transformers Rebuild/ExtractedAssets/VerticalSlice/../content/WL_GUN_FOLEY/RELOAD_BOLT_07.wav
L 11.5130 31 1.043 F:/Transformers Rebuild/ExtractedAssets/VerticalSlice/../content/WL_GUN_FOLEY/RELOAD_FLANGE_02.wav
L 11.5132 32 1.093 F:/Transformers Rebuild/ExtractedAssets/VerticalSlice/../content/WL_GUN_FOLEY/RELOAD_SYNTH_BUBBLE.wav
L 11.5132 33 0.400 F:/Transformers Rebuild/ExtractedAssets/VerticalSlice/../content/WL_GUN_FOLEY/RELOAD_MTL_SCRAPE_03.wav
L 11.5133 34 0.224 F:/Transformers Rebuild/ExtractedAssets/VerticalSlice/../content/WL_GUN_FOLEY/RELOAD_BOLT_07.wav
L 11.5133 35 0.784 F:/Transformers Rebuild/ExtractedAssets/VerticalSlice/../content/WL_GUN_ION_BLASTER/TRANS_ION_UNEQUIP_SERVOS.wav
L 11.5133 36 0.243 F:/Transformers Rebuild/ExtractedAssets/VerticalSlice/../content/WL_GUN_FOLEY/GUNf_MVMNT_03.wav
L 11.5134 37 0.461 F:/Transformers Rebuild/ExtractedAssets/VerticalSlice/../content/WL_GUN_FOLEY/GUNf_MVMNT_01.wav
L 11.5134 38 0.707 F:/Transformers Rebuild/ExtractedAssets/VerticalSlice/../content/WL_GUN_ION_BLASTER/TRANS_ION_EQUIP_SERVOS.wav
L 11.5134 39 0.784 F:/Transformers Rebuild/ExtractedAssets/VerticalSlice/../content/WL_GUN_ION_BLASTER/TRANS_ION_UNEQUIP_SERVOS.wav
L 11.5135 40 0.584 F:/Transformers Rebuild/ExtractedAssets/VerticalSlice/../content/WL_GUN_FOLEY/GUN_RIFLE_BOLT_ACTION.wav
L 11.5135 41 0.931 F:/Transformers Rebuild/ExtractedAssets/VerticalSlice/../content/WL_ELEC/ELEC_SPARKBLAST_FLANGE_01.wav
L 11.5135 42 0.875 F:/Transformers Rebuild/ExtractedAssets/VerticalSlice/../content/WL_ELEC/ELEC_SPARKBLAST_FLANGE_02.wav
L 11.5136 43 1.259 F:/Transformers Rebuild/ExtractedAssets/VerticalSlice/../content/WL_ELEC/ELEC_SPARKBLAST_FLANGE_03.wav
L 11.5136 44 1.357 F:/Transformers Rebuild/ExtractedAssets/VerticalSlice/../content/WL_ELEC/ELEC_SPARKBLAST_FLANGE_04.wav
L 11.5136 45 0.416 F:/Transformers Rebuild/ExtractedAssets/VerticalSlice/../content/WL_WPN_BULLET_IMPT/MTL_BULLET_IMPT_SHEET_01.wav
L 11.5137 46 0.355 F:/Transformers Rebuild/ExtractedAssets/VerticalSlice/../content/WL_WPN_BULLET_IMPT/MTL_BULLET_IMPT_SHEET_02.wav
L 11.5137 47 0.469 F:/Transformers Rebuild/ExtractedAssets/VerticalSlice/../content/WL_WPN_BULLET_IMPT/MTL_BULLET_IMPT_SHEET_03.wav
L 11.5137 48 0.352 F:/Transformers Rebuild/ExtractedAssets/VerticalSlice/../content/WL_WPN_BULLET_IMPT/MTL_BULLET_IMPT_SHEET_04.wav
L 11.5138 49 0.616 F:/Transformers Rebuild/ExtractedAssets/VerticalSlice/../content/WL_WPN_BULLET_IMPT/MTL_BULLET_IMPT_SHEET_05.wav
L 11.5138 50 0.400 F:/Transformers Rebuild/ExtractedAssets/VerticalSlice/../content/WL_WPN_BULLET_IMPT/MTL_BULLET_IMPT_SHEET_06.wav
L 11.5138 51 1.141 F:/Transformers Rebuild/ExtractedAssets/VerticalSlice/../content/WL_MTL_MELEE_IMPT/MTL_MELEE_IMPT_01.wav
L 11.5139 52 1.024 F:/Transformers Rebuild/ExtractedAssets/VerticalSlice/../content/WL_MTL_MELEE_IMPT/MTL_MELEE_IMPT_02.wav
L 11.5139 53 1.160 F:/Transformers Rebuild/ExtractedAssets/VerticalSlice/../content/WL_MTL_MELEE_IMPT/MTL_MELEE_IMPT_03.wav
L 11.5139 54 1.077 F:/Transformers Rebuild/ExtractedAssets/VerticalSlice/../content/WL_MTL_MELEE_IMPT/MTL_MELEE_IMPT_04.wav
L 11.5140 55 0.307 F:/Transformers Rebuild/ExtractedAssets/VerticalSlice/../content/WL_FS_BOT/SRVO_BOT_FOLY_FS_FILTSWEEP_01.wav
L 11.5140 56 0.259 F:/Transformers Rebuild/ExtractedAssets/VerticalSlice/../content/WL_FS_BOT/SRVO_BOT_FOLY_FS_FILTSWEEP_02.wav
L 11.5140 57 0.288 F:/Transformers Rebuild/ExtractedAssets/VerticalSlice/../content/WL_FS_BOT/SRVO_BOT_FOLY_FS_FILTSWEEP_03.wav
L 11.5141 58 0.293 F:/Transformers Rebuild/ExtractedAssets/VerticalSlice/../content/WL_FS_BOT/SRVO_BOT_FOLY_FS_FILTSWEEP_04.wav
L 11.5141 59 0.365 F:/Transformers Rebuild/ExtractedAssets/VerticalSlice/../content/WL_FS_BOT/SRVO_BOT_FOLY_FS_FILTSWEEP_05.wav
L 11.5141 60 0.280 F:/Transformers Rebuild/ExtractedAssets/VerticalSlice/../content/WL_FS_BOT/SRVO_BOT_FOLY_FS_FILTSWEEP_06.wav
L 11.5142 61 0.821 F:/Transformers Rebuild/ExtractedAssets/VerticalSlice/../content/WL_GUN_FOLEY/DRY_FIRE_ELECTRICITY.wav
L 11.5142 62 0.699 F:/Transformers Rebuild/ExtractedAssets/VerticalSlice/../content/WL_GUN_FOLEY/DRY_FIRE_PLASMA.wav
L 11.5142 63 0.444 F:/Transformers Rebuild/ExtractedAssets/VerticalSlice/../content/WL_ELEC/ELEC_EMP_INTERFERENCE_03.wav
L 11.5143 64 0.537 F:/Transformers Rebuild/ExtractedAssets/VerticalSlice/../content/WL_ELEC/ELEC_EMP_INTERFERENCE_04.wav
L 11.5144 65 0.453 F:/Transformers Rebuild/ExtractedAssets/VerticalSlice/../content/WL_ELEC/ELEC_EMP_INTERFERENCE_05.wav
L 11.5144 66 0.224 F:/Transformers Rebuild/ExtractedAssets/VerticalSlice/../content/WL_GUN_FOLEY/RELOAD_BOLT_07.wav
L 11.5144 67 0.413 F:/Transformers Rebuild/ExtractedAssets/VerticalSlice/../content/WL_GUN_FOLEY/LOW_AMMO_WARNING_01.wav
L 11.5145 68 1.339 F:/Transformers Rebuild/ExtractedAssets/VerticalSlice/../content/WL_TRUCK/SYNTH_ENGINE_ACCEL.wav
L 11.5145 69 1.387 F:/Transformers Rebuild/ExtractedAssets/VerticalSlice/../content/WL_WHSH_JET/WHSH_BOOST_FLARE_LR_03.wav
L 11.5145 70 0.429 F:/Transformers Rebuild/ExtractedAssets/VerticalSlice/../content/WL_TRUCK/SYNTH_AIR_RELEASE_04.wav
L 11.5146 71 0.696 F:/Transformers Rebuild/ExtractedAssets/VerticalSlice/../content/WL_TRUCK/SYNTH_AIR_RELEASE_08.wav
L 11.5146 72 3.381 F:/Transformers Rebuild/ExtractedAssets/VerticalSlice/../content/WL_TRUCK/AUTO_OPTIMUS_BOOST_START_LR.wav
L 11.5146 73 2.587 F:/Transformers Rebuild/ExtractedAssets/VerticalSlice/../content/WL_TRUCK/SYNTH_ENERGY_MOD_PAN_LP.wav
L 11.5147 74 3.403 F:/Transformers Rebuild/ExtractedAssets/VerticalSlice/../content/WL_TRUCK/MECH_OPTIMUS_TIRE_NOISE_02_LP.wav
L 11.5147 75 2.773 F:/Transformers Rebuild/ExtractedAssets/VerticalSlice/../content/WL_PLANE/JET_TURBO_WHINE_LP.wav
L 11.5147 76 3.083 F:/Transformers Rebuild/ExtractedAssets/VerticalSlice/../content/WL_TRUCK/AUTO_OPTIMUS_ENGINE_BOOST_LR_LP.wav
L 11.5148 77 3.917 F:/Transformers Rebuild/ExtractedAssets/VerticalSlice/../content/WL_TRUCK/AUTO_OPTIMUS_ENGINE_MID_LR_LP.wav
L 11.5148 78 1.093 F:/Transformers Rebuild/ExtractedAssets/VerticalSlice/../content/WL_WHSH_JET/WHSH_BOOST_FINISH_01_LR.wav
L 11.5148 79 0.635 F:/Transformers Rebuild/ExtractedAssets/VerticalSlice/../content/WL_WHSH_JET/WHSH_BOOST_FINISH_01_LSRS.wav
L 11.5149 80 0.880 F:/Transformers Rebuild/ExtractedAssets/VerticalSlice/../content/WL_TRUCK/SYNTH_AIR_RELEASE_02.wav
L 11.5149 81 0.632 F:/Transformers Rebuild/ExtractedAssets/VerticalSlice/../content/WL_TRUCK/SYNTH_AIR_RELEASE_07.wav
L 11.5149 82 1.811 F:/Transformers Rebuild/ExtractedAssets/VerticalSlice/../content/WL_TRUCK/AUTO_OPTIMUS_BOOST_END_LR.wav
L 11.5150 83 1.352 F:/Transformers Rebuild/ExtractedAssets/VerticalSlice/../content/WL_TRUCK/AUTO_BOOST_PEELOUT_TRUCK.wav
L 11.5150 84 1.339 F:/Transformers Rebuild/ExtractedAssets/VerticalSlice/../content/WL_TRUCK/SYNTH_ENGINE_ACCEL.wav
L 11.5150 85 1.387 F:/Transformers Rebuild/ExtractedAssets/VerticalSlice/../content/WL_WHSH_JET/WHSH_BOOST_FLARE_LR_03.wav
L 11.5151 86 0.429 F:/Transformers Rebuild/ExtractedAssets/VerticalSlice/../content/WL_TRUCK/SYNTH_AIR_RELEASE_04.wav
L 11.5151 87 0.696 F:/Transformers Rebuild/ExtractedAssets/VerticalSlice/../content/WL_TRUCK/SYNTH_AIR_RELEASE_08.wav
L 11.5151 88 3.381 F:/Transformers Rebuild/ExtractedAssets/VerticalSlice/../content/WL_TRUCK/AUTO_OPTIMUS_BOOST_START_LR.wav
L 11.5151 89 0.632 F:/Transformers Rebuild/ExtractedAssets/VerticalSlice/../content/WL_TRUCK/SYNTH_AIR_RELEASE_07.wav
L 11.5152 90 0.845 F:/Transformers Rebuild/ExtractedAssets/VerticalSlice/../content/WL_TRUCK/MECH_TRANS_RAM_ACTIVATE.wav
L 11.5152 91 1.387 F:/Transformers Rebuild/ExtractedAssets/VerticalSlice/../content/WL_WHSH_JET/WHSH_BOOST_FLARE_LR_03.wav
L 11.5152 92 0.696 F:/Transformers Rebuild/ExtractedAssets/VerticalSlice/../content/WL_TRUCK/SYNTH_AIR_RELEASE_08.wav
L 11.5152 93 3.381 F:/Transformers Rebuild/ExtractedAssets/VerticalSlice/../content/WL_TRUCK/AUTO_OPTIMUS_BOOST_START_LR.wav
L 11.5153 94 0.845 F:/Transformers Rebuild/ExtractedAssets/VerticalSlice/../content/WL_TRUCK/MECH_TRANS_RAM_ACTIVATE.wav
L 11.5153 95 1.811 F:/Transformers Rebuild/ExtractedAssets/VerticalSlice/../content/WL_TRUCK/AUTO_OPTIMUS_BOOST_END_LR.wav
L 11.5153 96 1.229 F:/Transformers Rebuild/ExtractedAssets/VerticalSlice/../content/WL_MECH/MECH_ORB_ARM_04.wav
L 11.5154 97 1.437 F:/Transformers Rebuild/ExtractedAssets/VerticalSlice/../content/WL_TRUCK/MECH_IMPT_VEHICLE_RAM_01.wav
L 11.5154 98 1.547 F:/Transformers Rebuild/ExtractedAssets/VerticalSlice/../content/WL_TRUCK/MECH_IMPT_VEHICLE_RAM_02.wav
L 11.5154 99 1.400 F:/Transformers Rebuild/ExtractedAssets/VerticalSlice/../content/WL_TRUCK/MECH_IMPT_VEHICLE_RAM_03.wav
L 11.5155 100 2.587 F:/Transformers Rebuild/ExtractedAssets/VerticalSlice/../content/WL_TRUCK/SYNTH_ENERGY_MOD_PAN_LP.wav
L 11.5155 101 3.917 F:/Transformers Rebuild/ExtractedAssets/VerticalSlice/../content/WL_TRUCK/AUTO_OPTIMUS_ENGINE_MID_LR_LP.wav
L 11.5155 102 2.587 F:/Transformers Rebuild/ExtractedAssets/VerticalSlice/../content/WL_TRUCK/SYNTH_ENERGY_MOD_PAN_LP.wav
L 11.5156 103 2.667 F:/Transformers Rebuild/ExtractedAssets/VerticalSlice/../content/WL_TRUCK/AUTO_OPTIMUS_IDLE_LR_LP.wav
L 11.5156 104 3.917 F:/Transformers Rebuild/ExtractedAssets/VerticalSlice/../content/WL_TRUCK/AUTO_OPTIMUS_ENGINE_MID_LR_LP.wav
L 11.5156 105 0.429 F:/Transformers Rebuild/ExtractedAssets/VerticalSlice/../content/WL_TRUCK/SYNTH_AIR_RELEASE_04.wav
L 11.5156 106 1.056 F:/Transformers Rebuild/ExtractedAssets/VerticalSlice/../content/WL_TANK/TANK_JUMP_LR.wav
L 11.5157 107 2.373 F:/Transformers Rebuild/ExtractedAssets/VerticalSlice/../content/WL_TRUCK/AUTO_OPTIMUS_JUMP_LR.wav
L 11.5157 108 2.587 F:/Transformers Rebuild/ExtractedAssets/VerticalSlice/../content/WL_TRUCK/SYNTH_ENERGY_MOD_PAN_LP.wav
L 11.5157 109 2.667 F:/Transformers Rebuild/ExtractedAssets/VerticalSlice/../content/WL_TRUCK/AUTO_OPTIMUS_IDLE_LR_LP.wav
L 11.5158 110 1.016 F:/Transformers Rebuild/ExtractedAssets/VerticalSlice/../content/WL_TANK/MECH_TANK_LAND_LIGHT_01.wav
L 11.5158 111 0.947 F:/Transformers Rebuild/ExtractedAssets/VerticalSlice/../content/WL_TANK/MECH_TANK_LAND_LIGHT_02.wav
L 11.5158 112 0.923 F:/Transformers Rebuild/ExtractedAssets/VerticalSlice/../content/WL_TANK/MECH_TANK_LAND_LIGHT_03.wav
L 11.5159 113 1.789 F:/Transformers Rebuild/ExtractedAssets/VerticalSlice/../content/WL_TANK/MECH_TANK_LAND_HARD_01.wav
L 11.5159 114 1.477 F:/Transformers Rebuild/ExtractedAssets/VerticalSlice/../content/WL_TANK/MECH_TANK_LAND_HARD_02.wav
L 11.5159 115 1.400 F:/Transformers Rebuild/ExtractedAssets/VerticalSlice/../content/WL_TANK/MECH_TANK_LAND_HARD_03.wav
L 11.5159 116 1.088 F:/Transformers Rebuild/ExtractedAssets/VerticalSlice/../content/WL_TRUCK/MECH_TRUCK_LAND_HEAVY_01.wav
L 11.5160 117 1.037 F:/Transformers Rebuild/ExtractedAssets/VerticalSlice/../content/WL_TRUCK/MECH_TRUCK_LAND_HEAVY_02.wav
L 11.5161 118 0.984 F:/Transformers Rebuild/ExtractedAssets/VerticalSlice/../content/WL_TRUCK/MECH_TRUCK_LAND_HEAVY_03.wav
L 11.5161 119 1.451 F:/Transformers Rebuild/ExtractedAssets/VerticalSlice/../content/WL_TRUCK/AIR_SEMI_RELEASE_09.wav
L 11.5161 120 1.547 F:/Transformers Rebuild/ExtractedAssets/VerticalSlice/../content/WL_TRUCK/MECH_TRUCK_BOTTOM_OUT_01.wav
L 11.5161 121 1.603 F:/Transformers Rebuild/ExtractedAssets/VerticalSlice/../content/WL_TRUCK/MECH_TRUCK_BOTTOM_OUT_02.wav
L 11.5162 122 1.661 F:/Transformers Rebuild/ExtractedAssets/VerticalSlice/../content/WL_TRUCK/MECH_TRUCK_BOTTOM_OUT_03.wav
L 11.5162 123 1.229 F:/Transformers Rebuild/ExtractedAssets/VerticalSlice/../content/WL_AUTO/AUTO_BOOST_PEELOUT_CAR.wav
L 11.5165 124 3.493 F:/Transformers Rebuild/ExtractedAssets/VerticalSlice/../content/WL_EVENT_IACON/EVENT_IACON_BRIDGE_TRANSFORM_GEARS.wav
L 11.5165 125 0.563 F:/Transformers Rebuild/ExtractedAssets/VerticalSlice/../content/WL_GUN_FOLEY/RELOAD_AIR_RELEASE_THUMP.wav
H 11.6036 370.229 -719.284 -337.570
V 11.6067 4096 101 1 1 363.513 -722.893 -341.764 50.00 350.00
V 11.6067 4097 100 1 1 363.513 -722.893 -341.764 50.00 350.00
U 11.6067 4096 363.513 -722.893 -341.764 0.094 0.800
U 11.6067 4097 363.513 -722.893 -341.764 0.049 0.805
U 11.6078 4096 363.498 -722.779 -341.772 0.101 0.809
U 11.6078 4097 363.498 -722.779 -341.772 0.053 0.817
U 11.6088 4096 363.476 -722.665 -341.784 0.108 0.818
U 11.6088 4097 363.476 -722.665 -341.784 0.057 0.829
U 11.6099 4096 363.446 -722.551 -341.799 0.115 0.827
U 11.6099 4097 363.446 -722.551 -341.799 0.061 0.841
U 11.6109 4096 363.410 -722.436 -341.819 0.122 0.836
U 11.6109 4097 363.410 -722.436 -341.819 0.065 0.853
H 11.9837 370.392 -718.713 -338.102
U 11.9849 4096 363.365 -722.322 -341.840 0.129 0.845
U 11.9849 4097 363.365 -722.322 -341.840 0.069 0.866
U 11.9859 4096 363.312 -722.208 -341.864 0.135 0.854
U 11.9859 4097 363.312 -722.208 -341.864 0.073 0.878
U 11.9869 4096 363.251 -722.094 -341.890 0.141 0.863
U 11.9869 4097 363.251 -722.094 -341.890 0.077 0.891
U 11.9879 4096 363.182 -721.980 -341.918 0.141 0.872
U 11.9879 4097 363.182 -721.980 -341.918 0.081 0.904
U 11.9889 4096 363.105 -721.865 -341.948 0.141 0.882
U 11.9889 4097 363.105 -721.865 -341.948 0.081 0.917
U 11.9899 4096 363.019 -721.751 -341.979 0.141 0.891
U 11.9899 4097 363.019 -721.751 -341.979 0.081 0.930
U 11.9909 4096 362.926 -721.637 -342.013 0.141 0.901
U 11.9909 4097 362.926 -721.637 -342.013 0.082 0.944
U 11.9920 4096 362.825 -721.523 -342.049 0.141 0.911
U 11.9920 4097 362.825 -721.523 -342.049 0.082 0.957
H 12.0001 370.407 -717.800 -339.794
H 12.0056 370.436 -717.800 -339.894
U 12.0068 4096 362.715 -721.409 -342.087 0.141 0.921
U 12.0068 4097 362.715 -721.409 -342.087 0.082 0.971
H 12.0119 370.335 -717.686 -339.965
H 12.0169 370.346 -717.686 -340.003
H 12.0220 370.354 -717.686 -340.034
U 12.0231 4096 362.598 -721.294 -342.127 0.141 0.931
U 12.0231 4097 362.598 -721.294 -342.127 0.081 0.985
H 12.0289 370.245 -717.571 -340.105
H 12.0343 370.256 -717.571 -340.147
U 12.0354 4096 362.472 -721.180 -342.168 0.141 0.941
U 12.0355 4097 362.472 -721.180 -342.168 0.079 1.000
H 12.0405 370.138 -717.457 -340.221
H 12.0455 370.148 -717.457 -340.259
H 12.0507 370.156 -717.457 -340.290
U 12.0518 4096 362.337 -721.157 -342.210 0.141 0.951
U 12.0518 4097 362.337 -721.157 -342.210 0.076 1.014
H 12.0575 370.029 -717.434 -340.364
H 12.0627 370.039 -717.434 -340.406
H 12.0678 370.047 -717.434 -340.438
U 12.0689 4096 362.195 -721.157 -342.253 0.141 0.961
U 12.0689 4097 362.195 -721.157 -342.253 0.073 1.029
H 12.0740 369.911 -717.434 -340.512
H 12.0792 369.920 -717.434 -340.550
H 12.0843 369.927 -717.434 -340.583
U 12.0854 4096 362.044 -721.157 -342.297 0.141 0.971
U 12.0854 4097 362.044 -721.157 -342.297 0.071 1.043
H 12.0910 369.783 -717.434 -340.658
H 12.0960 369.792 -717.434 -340.700
H 12.1010 369.798 -717.434 -340.731
U 12.1023 4096 361.885 -721.157 -342.341 0.141 0.982
U 12.1023 4097 361.885 -721.157 -342.341 0.068 1.058
H 12.1074 369.645 -717.434 -340.806
H 12.1126 369.653 -717.434 -340.845
H 12.1178 369.659 -717.434 -340.878
U 12.1189 4096 361.718 -721.157 -342.385 0.141 0.992
U 12.1189 4097 361.718 -721.157 -342.385 0.066 1.073
H 12.1244 369.498 -717.434 -340.955
H 12.1293 369.505 -717.434 -340.996
H 12.1342 369.510 -717.434 -341.026
U 12.1353 4096 361.542 -721.157 -342.429 0.141 1.002
U 12.1353 4097 361.542 -721.157 -342.429 0.063 1.088
H 12.1402 369.340 -717.434 -341.101
H 12.1451 369.346 -717.434 -341.138
H 12.1512 369.351 -717.434 -341.169
U 12.1524 4096 361.358 -721.157 -342.473 0.141 1.013
U 12.1524 4097 361.358 -721.157 -342.473 0.060 1.103
H 12.1580 369.173 -717.434 -341.251
H 12.1629 369.180 -717.434 -341.293
H 12.1679 369.184 -717.434 -341.324
U 12.1690 4096 361.166 -721.157 -342.515 0.141 1.023
U 12.1690 4097 361.166 -721.157 -342.515 0.058 1.119
H 12.1738 368.997 -717.434 -341.397
H 12.1786 369.002 -717.434 -341.434
H 12.1834 369.006 -717.434 -341.465
H 12.1883 369.010 -717.434 -341.495
U 12.1894 4096 360.965 -721.158 -342.556 0.141 1.033
U 12.1894 4097 360.965 -721.158 -342.556 0.056 1.134
H 12.1947 368.813 -717.435 -341.566
H 12.1996 368.818 -717.435 -341.607
H 12.2043 368.822 -717.435 -341.637
U 12.2054 4096 360.757 -721.158 -342.595 0.141 1.044
U 12.2054 4097 360.757 -721.158 -342.595 0.053 1.149
H 12.2103 368.617 -717.435 -341.706
H 12.2151 368.621 -717.435 -341.743
H 12.2216 368.624 -717.435 -341.773
U 12.2228 4096 360.540 -721.157 -342.631 0.141 1.053
U 12.2228 4097 360.540 -721.157 -342.631 0.051 1.163
H 12.2286 368.412 -717.434 -341.850
H 12.2338 368.416 -717.434 -341.894
U 12.2349 4096 360.316 -721.158 -342.663 0.141 1.063
U 12.2349 4097 360.316 -721.158 -342.663 0.049 1.178
H 12.2424 368.195 -717.435 -341.960
H 12.2475 368.200 -717.435 -342.014
H 12.2525 368.203 -717.435 -342.047
U 12.2536 4096 360.085 -721.157 -342.692 0.141 1.073
U 12.2536 4097 360.085 -721.157 -342.692 0.046 1.191
H 12.2589 367.974 -717.434 -342.106
H 12.2636 367.976 -717.434 -342.146
H 12.2684 367.978 -717.434 -342.176
U 12.2695 4096 359.847 -721.157 -342.716 0.141 1.081
U 12.2695 4097 359.847 -721.157 -342.716 0.045 1.204
H 12.2744 367.742 -717.434 -342.230
H 12.2792 367.745 -717.434 -342.268
H 12.2842 367.746 -717.434 -342.299
U 12.2853 4096 359.603 -721.157 -342.733 0.141 1.089
U 12.2853 4097 359.603 -721.157 -342.733 0.043 1.216
H 12.2906 367.504 -717.434 -342.348
H 12.2953 367.506 -717.434 -342.388
H 12.3000 367.507 -717.434 -342.418
H 12.3047 367.508 -717.434 -342.448
U 12.3058 4096 359.355 -721.157 -342.744 0.141 1.092
U 12.3058 4097 359.355 -721.157 -342.744 0.042 1.220
H 12.3104 367.261 -717.434 -342.488
H 12.3155 367.262 -717.434 -342.524
H 12.3203 367.263 -717.434 -342.556
U 12.3214 4096 359.105 -721.158 -342.749 0.141 1.094
U 12.3214 4097 359.105 -721.158 -342.749 0.042 1.221
H 12.3266 367.013 -717.435 -342.592
H 12.3312 367.014 -717.435 -342.632
H 12.3358 367.014 -717.435 -342.661
U 12.3369 4096 358.855 -721.157 -342.751 0.141 1.094
U 12.3369 4097 358.855 -721.157 -342.751 0.042 1.221
H 12.3414 366.765 -717.434 -342.692
H 12.3461 366.765 -717.434 -342.727
H 12.3508 366.765 -717.434 -342.757
U 12.3519 4096 358.605 -721.157 -342.750 0.141 1.094
U 12.3519 4097 358.605 -721.157 -342.750 0.042 1.221
H 12.3570 366.515 -717.434 -342.785
H 12.3619 366.515 -717.434 -342.825
H 12.3667 366.514 -717.434 -342.855
H 12.3713 366.514 -717.434 -342.886
U 12.3724 4096 358.355 -721.157 -342.745 0.141 1.094
U 12.3724 4097 358.355 -721.157 -342.745 0.042 1.221
H 12.3769 366.263 -717.434 -342.910
H 12.3816 366.263 -717.434 -342.946
H 12.3861 366.262 -717.434 -342.975
U 12.3872 4096 358.105 -721.157 -342.736 0.141 1.094
U 12.3872 4097 358.105 -721.157 -342.736 0.042 1.221
H 12.3922 366.011 -717.434 -342.996
H 12.3968 366.010 -717.434 -343.034
H 12.4013 366.008 -717.434 -343.063
U 12.4023 4096 357.855 -721.157 -342.725 0.141 1.094
U 12.4023 4097 357.855 -721.157 -342.725 0.042 1.221
H 12.4068 365.757 -717.434 -343.080
H 12.4113 365.756 -717.434 -343.115
H 12.4157 365.754 -717.434 -343.143
H 12.4202 365.753 -717.434 -343.171
U 12.4212 4096 357.606 -721.157 -342.710 0.141 1.094
U 12.4212 4097 357.606 -721.157 -342.710 0.042 1.221
H 12.4260 365.502 -717.434 -343.185
H 12.4305 365.499 -717.434 -343.221
H 12.4356 365.497 -717.434 -343.250
U 12.4367 4096 357.356 -721.157 -342.692 0.141 1.094
U 12.4367 4097 357.356 -721.157 -342.692 0.042 1.221
H 12.4412 365.246 -717.434 -343.264
H 12.4458 365.243 -717.434 -343.299
H 12.4503 365.241 -717.434 -343.328
H 12.4549 365.239 -717.434 -343.357
U 12.4560 4096 357.107 -721.158 -342.670 0.141 1.094
U 12.4561 4097 357.107 -721.158 -342.670 0.042 1.221
H 12.4610 364.987 -717.435 -343.364
H 12.4659 364.984 -717.435 -343.402
H 12.4704 364.981 -717.435 -343.433
U 12.4715 4096 356.859 -721.157 -342.645 0.141 1.094
U 12.4715 4097 356.859 -721.157 -342.645 0.042 1.221
H 12.4761 364.729 -717.434 -343.436
H 12.4809 364.725 -717.434 -343.472
H 12.4854 364.722 -717.434 -343.503
U 12.4866 4096 356.610 -721.157 -342.617 0.141 1.094
U 12.4866 4097 356.610 -721.157 -342.617 0.042 1.221
H 12.4913 364.471 -717.434 -343.503
H 12.4960 364.466 -717.434 -343.540
H 12.5005 364.463 -717.434 -343.569
U 12.5016 4096 356.362 -721.157 -342.586 0.141 1.094
U 12.5016 4097 356.362 -721.157 -342.586 0.042 1.221
H 12.5062 364.211 -717.434 -343.567
H 12.5106 364.207 -717.434 -343.602
H 12.5152 364.203 -717.434 -343.630
H 12.5198 364.199 -717.434 -343.659
U 12.5209 4096 356.115 -721.157 -342.551 0.141 1.094
U 12.5209 4097 356.115 -721.157 -342.551 0.042 1.221
H 12.5256 363.948 -717.434 -343.653
H 12.5302 363.942 -717.434 -343.689
H 12.5350 363.938 -717.434 -343.718
U 12.5361 4096 355.867 -721.157 -342.513 0.141 1.094
U 12.5361 4097 355.867 -721.157 -342.513 0.042 1.221
H 12.5406 363.687 -717.434 -343.710
H 12.5450 363.681 -717.434 -343.745
H 12.5494 363.677 -717.434 -343.773
H 12.5541 363.672 -717.434 -343.801
U 12.5554 4096 355.621 -721.157 -342.472 0.141 1.094
U 12.5554 4097 355.621 -721.157 -342.472 0.042 1.221
H 12.5602 363.421 -717.434 -343.788
H 12.5646 363.414 -717.434 -343.826
H 12.5692 363.409 -717.434 -343.854
U 12.5703 4096 355.375 -721.158 -342.427 0.141 1.094
U 12.5703 4097 355.375 -721.158 -342.427 0.042 1.221
H 12.5746 363.158 -717.435 -343.837
H 12.5790 363.152 -717.435 -343.871
H 12.5835 363.147 -717.435 -343.899
H 12.5878 363.142 -717.435 -343.926
U 12.5889 4096 355.130 -721.157 -342.379 0.141 1.094
U 12.5889 4097 355.130 -721.157 -342.379 0.042 1.221
H 12.5935 362.891 -717.434 -343.905
H 12.5979 362.884 -717.434 -343.940
H 12.6023 362.879 -717.434 -343.967
U 12.6035 4096 354.885 -721.157 -342.328 0.141 1.094
U 12.6035 4097 354.885 -721.157 -342.328 0.042 1.221
H 12.6078 362.628 -717.434 -343.944
H 12.6126 362.621 -717.434 -343.978
H 12.6170 362.615 -717.434 -344.008
H 12.6214 362.609 -717.434 -344.035
U 12.6225 4096 354.641 -721.158 -342.273 0.141 1.094
U 12.6225 4097 354.641 -721.158 -342.273 0.042 1.221
H 12.6272 362.359 -717.435 -344.007
H 12.6315 362.351 -717.435 -344.043
H 12.6358 362.344 -717.435 -344.070
U 12.6369 4096 354.398 -721.158 -342.216 0.141 1.094
U 12.6369 4097 354.398 -721.158 -342.216 0.042 1.221
H 12.6414 362.095 -717.435 -344.039
H 12.6457 362.087 -717.435 -344.073
H 12.6500 362.080 -717.435 -344.099
H 12.6543 362.074 -717.435 -344.126
U 12.6554 4096 354.155 -721.157 -342.154 0.141 1.094
U 12.6554 4097 354.155 -721.157 -342.154 0.042 1.221
H 12.6600 361.825 -717.434 -344.091
H 12.6643 361.816 -717.434 -344.126
H 12.6686 361.809 -717.434 -344.152
U 12.6696 4096 353.914 -721.157 -342.090 0.141 1.094
U 12.6696 4097 353.914 -721.157 -342.090 0.042 1.221
H 12.6738 361.560 -717.434 -344.114
H 12.6779 361.552 -717.434 -344.146
H 12.6821 361.545 -717.434 -344.172
H 12.6863 361.538 -717.434 -344.197
U 12.6873 4096 353.673 -721.157 -342.023 0.141 1.094
U 12.6873 4097 353.673 -721.157 -342.023 0.042 1.221
H 12.6917 361.290 -717.434 -344.155
H 12.6960 361.281 -717.434 -344.188
H 12.7002 361.273 -717.434 -344.214
H 12.7044 361.266 -717.434 -344.240
U 12.7054 4096 353.433 -721.157 -341.952 0.141 1.094
U 12.7054 4097 353.433 -721.157 -341.952 0.042 1.221
H 12.7096 361.019 -717.434 -344.194
H 12.7138 361.010 -717.434 -344.226
H 12.7179 361.002 -717.434 -344.251
U 12.7190 4096 353.194 -721.157 -341.879 0.141 1.094
U 12.7190 4097 353.194 -721.157 -341.879 0.042 1.221
H 12.7234 360.755 -717.434 -344.203
H 12.7276 360.745 -717.434 -344.236
H 12.7317 360.737 -717.434 -344.261
H 12.7359 360.729 -717.434 -344.286
U 12.7369 4096 352.956 -721.158 -341.802 0.141 1.094
U 12.7369 4097 352.956 -721.158 -341.802 0.042 1.221
H 12.7410 360.483 -717.435 -344.234
H 12.7453 360.473 -717.435 -344.265
H 12.7498 360.465 -717.435 -344.291
H 12.7539 360.456 -717.435 -344.318
U 12.7549 4096 352.720 -721.158 -341.722 0.141 1.094
U 12.7549 4097 352.720 -721.158 -341.722 0.042 1.221
H 12.7592 360.211 -717.435 -344.262
H 12.7633 360.200 -717.435 -344.294
H 12.7673 360.191 -717.435 -344.319
U 12.7684 4096 352.484 -721.157 -341.639 0.141 1.094
U 12.7684 4097 352.484 -721.157 -341.639 0.042 1.221
H 12.7726 359.947 -717.434 -344.260
H 12.7767 359.936 -717.434 -344.291
H 12.7808 359.927 -717.434 -344.316
H 12.7849 359.918 -717.434 -344.340
U 12.7860 4096 352.249 -721.157 -341.553 0.141 1.094
U 12.7860 4097 352.249 -721.157 -341.553 0.042 1.221
H 12.7904 359.675 -717.434 -344.279
H 12.7944 359.663 -717.434 -344.311
H 12.7985 359.654 -717.434 -344.335
H 12.8025 359.645 -717.434 -344.359
U 12.8036 4096 352.016 -721.157 -341.463 0.141 1.094
U 12.8036 4097 352.016 -721.157 -341.463 0.042 1.221
H 12.8076 359.402 -717.434 -344.293
H 12.8116 359.391 -717.434 -344.323
H 12.8157 359.381 -717.434 -344.347
H 12.8198 359.372 -717.434 -344.371
U 12.8208 4096 351.783 -721.157 -341.370 0.141 1.094
U 12.8208 4097 351.783 -721.157 -341.370 0.042 1.221
H 12.8251 359.130 -717.434 -344.302
H 12.8292 359.117 -717.434 -344.334
H 12.8332 359.108 -717.434 -344.357
H 12.8372 359.098 -717.434 -344.381
U 12.8382 4096 351.552 -721.157 -341.275 0.141 1.094
U 12.8383 4097 351.552 -721.157 -341.275 0.042 1.221
H 12.8423 358.858 -717.434 -344.309
H 12.8464 358.845 -717.434 -344.338
H 12.8504 358.835 -717.434 -344.362
H 12.8544 358.825 -717.434 -344.385
U 12.8556 4096 351.323 -721.158 -341.175 0.141 1.094
U 12.8556 4097 351.323 -721.158 -341.175 0.042 1.221
H 12.8598 358.586 -717.435 -344.310
H 12.8638 358.572 -717.435 -344.341
H 12.8678 358.562 -717.435 -344.364
U 12.8688 4096 351.094 -721.158 -341.074 0.141 1.094
U 12.8688 4097 351.094 -721.158 -341.074 0.042 1.221
H 12.8727 358.323 -717.435 -344.286
H 12.8767 358.310 -717.435 -344.314
H 12.8810 358.300 -717.435 -344.337
H 12.8850 358.289 -717.435 -344.362
U 12.8860 4096 350.867 -721.157 -340.969 0.141 1.094
U 12.8860 4097 350.867 -721.157 -340.969 0.042 1.221
H 12.8901 358.051 -717.434 -344.280
H 12.8940 358.038 -717.434 -344.310
H 12.8979 358.027 -717.434 -344.332
H 12.9018 358.017 -717.434 -344.354
U 12.9028 4096 350.642 -721.157 -340.862 0.141 1.094
U 12.9028 4097 350.642 -721.157 -340.862 0.042 1.221
H 12.9066 357.781 -717.434 -344.269
H 12.9105 357.767 -717.434 -344.296
H 12.9144 357.757 -717.434 -344.318
H 12.9183 357.746 -717.434 -344.340
U 12.9193 4096 350.418 -721.158 -340.751 0.141 1.094
U 12.9193 4097 350.418 -721.158 -340.751 0.042 1.221
H 12.9234 357.511 -717.435 -344.252
H 12.9273 357.496 -717.435 -344.281
H 12.9314 357.485 -717.435 -344.303
H 12.9356 357.474 -717.435 -344.326
U 12.9367 4096 350.195 -721.158 -340.637 0.141 1.094
U 12.9368 4097 350.195 -721.158 -340.637 0.042 1.221
H 12.9409 357.239 -717.435 -344.236
H 12.9452 357.224 -717.435 -344.266
H 12.9497 357.211 -717.435 -344.290
H 12.9540 357.198 -717.435 -344.315
U 12.9550 4096 349.974 -721.157 -340.520 0.141 1.094
U 12.9551 4097 349.974 -721.157 -340.520 0.042 1.221
H 12.9594 356.964 -717.434 -344.222
H 12.9635 356.948 -717.434 -344.253
H 12.9677 356.936 -717.434 -344.276
U 12.9687 4096 349.754 -721.157 -340.401 0.141 1.094
U 12.9687 4097 349.754 -721.157 -340.401 0.042 1.221
H 12.9728 356.704 -717.434 -344.179
H 12.9768 356.688 -717.434 -344.208
H 12.9810 356.676 -717.434 -344.230
H 12.9851 356.663 -717.434 -344.253
U 12.9861 4096 349.536 -721.157 -340.278 0.141 1.094
U 12.9861 4097 349.536 -721.157 -340.278 0.042 1.221
H 12.9904 356.433 -717.434 -344.153
H 12.9946 356.416 -717.434 -344.182
H 12.9990 356.403 -717.434 -344.206
H 13.0033 356.389 -717.434 -344.230
U 13.0044 4096 349.320 -721.157 -340.153 0.141 1.094
U 13.0044 4097 349.320 -721.157 -340.153 0.042 1.221
H 13.0086 356.159 -717.434 -344.128
H 13.0132 356.142 -717.434 -344.157
H 13.0174 356.127 -717.434 -344.182
U 13.0185 4096 349.106 -721.157 -340.025 0.141 1.094
U 13.0185 4097 349.106 -721.157 -340.025 0.042 1.221
H 13.0234 355.899 -717.434 -344.077
H 13.0277 355.880 -717.434 -344.109
H 13.0319 355.866 -717.434 -344.132
H 13.0360 355.852 -717.434 -344.155
U 13.0371 4096 348.893 -721.157 -339.893 0.141 1.094
U 13.0371 4097 348.893 -721.157 -339.893 0.042 1.221
H 13.0411 355.625 -717.434 -344.046
H 13.0451 355.608 -717.434 -344.073
H 13.0491 355.595 -717.434 -344.095
H 13.0531 355.582 -717.434 -344.116
U 13.0542 4096 348.682 -721.157 -339.759 0.141 1.094
U 13.0542 4097 348.682 -721.157 -339.759 0.042 1.221
H 13.0582 355.357 -717.434 -344.004
H 13.0623 355.339 -717.434 -344.031
H 13.0664 355.326 -717.434 -344.053
H 13.0704 355.312 -717.434 -344.074
U 13.0715 4096 348.473 -721.158 -339.622 0.141 1.094
U 13.0715 4097 348.473 -721.158 -339.622 0.042 1.221
H 13.0755 355.088 -717.435 -343.959
H 13.0796 355.071 -717.435 -343.986
H 13.0835 355.057 -717.435 -344.007
H 13.0875 355.043 -717.435 -344.028
U 13.0886 4096 348.266 -721.157 -339.482 0.141 1.094
U 13.0886 4097 348.266 -721.157 -339.482 0.042 1.221
H 13.0926 354.821 -717.434 -343.909
H 13.0966 354.803 -717.434 -343.935
H 13.1008 354.789 -717.434 -343.956
U 13.1019 4096 348.060 -721.158 -339.340 0.141 1.094
U 13.1019 4097 348.060 -721.158 -339.340 0.042 1.221
H 13.1059 354.568 -717.435 -343.836
H 13.1099 354.550 -717.435 -343.863
H 13.1140 354.535 -717.435 -343.884
H 13.1179 354.521 -717.435 -343.904
U 13.1190 4096 347.856 -721.157 -339.195 0.141 1.094
U 13.1191 4097 347.856 -721.157 -339.195 0.042 1.221
H 13.1231 354.302 -717.434 -343.780
H 13.1271 354.283 -717.434 -343.807
H 13.1310 354.269 -717.434 -343.827
H 13.1349 354.254 -717.434 -343.847
U 13.1360 4096 347.655 -721.157 -339.048 0.141 1.094
U 13.1360 4097 347.655 -721.157 -339.048 0.042 1.221
H 13.1399 354.038 -717.434 -343.720
H 13.1442 354.019 -717.434 -343.745
H 13.1482 354.003 -717.434 -343.767
H 13.1521 353.988 -717.434 -343.787
U 13.1532 4096 347.455 -721.157 -338.897 0.141 1.094
U 13.1532 4097 347.455 -721.157 -338.897 0.042 1.221
H 13.1571 353.773 -717.434 -343.657
H 13.1611 353.754 -717.434 -343.682
H 13.1660 353.739 -717.434 -343.702
H 13.1699 353.720 -717.434 -343.726
U 13.1710 4096 347.257 -721.157 -338.744 0.141 1.094
U 13.1710 4097 347.257 -721.157 -338.744 0.042 1.221
H 13.1748 353.507 -717.434 -343.593
H 13.1787 353.488 -717.434 -343.617
H 13.1825 353.473 -717.434 -343.636
H 13.1863 353.458 -717.434 -343.655
U 13.1873 4096 347.062 -721.157 -338.588 0.141 1.094
U 13.1873 4097 347.062 -721.157 -338.588 0.042 1.221
H 13.1912 353.248 -717.434 -343.518
H 13.1950 353.228 -717.434 -343.542
H 13.1988 353.213 -717.434 -343.561
H 13.2026 353.198 -717.434 -343.580
U 13.2036 4096 346.868 -721.157 -338.430 0.141 1.094
U 13.2036 4097 346.868 -721.157 -338.430 0.042 1.221
H 13.2073 352.989 -717.434 -343.440
H 13.2111 352.970 -717.434 -343.463
H 13.2149 352.955 -717.434 -343.482
H 13.2187 352.940 -717.434 -343.500
U 13.2197 4096 346.677 -721.157 -338.269 0.141 1.094
U 13.2197 4097 346.677 -721.157 -338.269 0.042 1.221
H 13.2235 352.733 -717.434 -343.358
H 13.2273 352.713 -717.434 -343.381
H 13.2310 352.698 -717.434 -343.399
H 13.2348 352.682 -717.434 -343.417
U 13.2358 4096 346.488 -721.157 -338.106 0.141 1.094
U 13.2358 4097 346.488 -721.157 -338.106 0.042 1.221
H 13.2395 352.478 -717.434 -343.272
H 13.2433 352.458 -717.434 -343.295
H 13.2471 352.442 -717.434 -343.313
H 13.2513 352.426 -717.434 -343.331
U 13.2524 4096 346.301 -721.157 -337.940 0.141 1.094
U 13.2524 4097 346.301 -721.157 -337.940 0.042 1.221
H 13.2562 352.221 -717.434 -343.185
H 13.2600 352.201 -717.434 -343.208
H 13.2638 352.185 -717.434 -343.226
H 13.2680 352.169 -717.434 -343.244
U 13.2691 4096 346.116 -721.157 -337.772 0.141 1.094
U 13.2691 4097 346.116 -721.157 -337.772 0.042 1.221
H 13.2728 351.966 -717.434 -343.095
H 13.2766 351.946 -717.434 -343.118
H 13.2803 351.930 -717.434 -343.135
H 13.2841 351.913 -717.434 -343.153
U 13.2851 4096 345.933 -721.157 -337.601 0.141 1.094
U 13.2851 4097 345.933 -721.157 -337.601 0.042 1.221
H 13.2888 351.715 -717.434 -342.999
H 13.2926 351.694 -717.434 -343.021
H 13.2963 351.678 -717.434 -343.039
H 13.3000 351.661 -717.434 -343.056
H 13.3038 351.645 -717.434 -343.073
U 13.3048 4096 345.753 -721.157 -337.428 0.141 1.094
U 13.3048 4097 345.753 -721.157 -337.428 0.042 1.221
H 13.3084 351.449 -717.434 -342.916
H 13.3122 351.428 -717.434 -342.938
H 13.3158 351.412 -717.434 -342.955
H 13.3195 351.395 -717.434 -342.971
U 13.3206 4096 345.575 -721.157 -337.252 0.141 1.094
U 13.3206 4097 345.575 -721.157 -337.252 0.042 1.221
H 13.3243 351.201 -717.434 -342.812
H 13.3280 351.180 -717.434 -342.833
H 13.3317 351.163 -717.434 -342.850
H 13.3354 351.147 -717.434 -342.867
U 13.3364 4096 345.399 -721.157 -337.074 0.141 1.094
U 13.3364 4097 345.399 -721.157 -337.074 0.042 1.221
H 13.3400 350.955 -717.434 -342.705
H 13.3437 350.934 -717.434 -342.726
H 13.3473 350.917 -717.434 -342.742
H 13.3511 350.901 -717.434 -342.758
U 13.3521 4096 345.226 -721.157 -336.894 0.141 1.094
U 13.3522 4097 345.226 -721.157 -336.894 0.042 1.221
H 13.3558 350.710 -717.434 -342.594
H 13.3595 350.689 -717.434 -342.615
H 13.3631 350.672 -717.434 -342.631
H 13.3667 350.655 -717.434 -342.647
H 13.3703 350.638 -717.434 -342.662
U 13.3714 4096 345.056 -721.157 -336.711 0.141 1.094
U 13.3714 4097 345.056 -721.157 -336.711 0.042 1.221
H 13.3749 350.451 -717.434 -342.495
H 13.3786 350.430 -717.434 -342.515
H 13.3823 350.413 -717.434 -342.531
H 13.3864 350.396 -717.434 -342.547
U 13.3875 4096 344.887 -721.157 -336.526 0.141 1.094
U 13.3876 4097 344.887 -721.157 -336.526 0.042 1.221
H 13.3912 350.208 -717.434 -342.379
H 13.3948 350.186 -717.434 -342.399
H 13.3984 350.169 -717.434 -342.415
H 13.4020 350.152 -717.434 -342.430
U 13.4031 4096 344.722 -721.157 -336.339 0.141 1.094
U 13.4031 4097 344.722 -721.157 -336.339 0.042 1.221
H 13.4067 349.969 -717.434 -342.258
H 13.4104 349.947 -717.434 -342.278
H 13.4141 349.929 -717.434 -342.293
H 13.4179 349.911 -717.434 -342.309
U 13.4189 4096 344.558 -721.157 -336.150 0.141 1.094
U 13.4189 4097 344.558 -721.157 -336.150 0.042 1.221
H 13.4226 349.730 -717.434 -342.135
H 13.4262 349.707 -717.434 -342.154
H 13.4299 349.690 -717.434 -342.169
H 13.4336 349.672 -717.434 -342.184
H 13.4372 349.654 -717.434 -342.199
U 13.4383 4096 344.398 -721.157 -335.958 0.141 1.094
U 13.4383 4097 344.398 -721.157 -335.958 0.042 1.221
H 13.4418 349.476 -717.434 -342.023
H 13.4455 349.454 -717.434 -342.041
H 13.4492 349.436 -717.434 -342.056
H 13.4528 349.418 -717.434 -342.071
U 13.4539 4096 344.240 -721.157 -335.764 0.141 1.094
U 13.4539 4097 344.240 -721.157 -335.764 0.042 1.221
H 13.4575 349.242 -717.434 -341.892
H 13.4611 349.219 -717.434 -341.910
H 13.4647 349.201 -717.434 -341.925
H 13.4683 349.184 -717.434 -341.939
U 13.4693 4096 344.084 -721.157 -335.569 0.141 1.094
U 13.4693 4097 344.084 -721.157 -335.569 0.042 1.221
H 13.4729 349.010 -717.434 -341.758
H 13.4765 348.987 -717.434 -341.776
H 13.4801 348.969 -717.434 -341.790
H 13.4837 348.951 -717.434 -341.804
H 13.4873 348.933 -717.434 -341.818
U 13.4883 4096 343.931 -721.157 -335.371 0.141 1.094
U 13.4883 4097 343.931 -721.157 -335.371 0.042 1.221
H 13.4921 348.763 -717.434 -341.634
H 13.4956 348.739 -717.434 -341.652
H 13.4992 348.721 -717.434 -341.666
H 13.5033 348.702 -717.434 -341.680
U 13.5043 4096 343.781 -721.157 -335.171 0.141 1.094
U 13.5043 4097 343.781 -721.157 -335.171 0.042 1.221
H 13.5079 348.532 -717.434 -341.495
H 13.5115 348.509 -717.434 -341.513
H 13.5150 348.491 -717.434 -341.526
H 13.5185 348.472 -717.434 -341.540
U 13.5196 4096 343.633 -721.157 -334.969 0.141 1.094
U 13.5196 4097 343.633 -721.157 -334.969 0.042 1.221
H 13.5232 348.307 -717.434 -341.351
H 13.5268 348.283 -717.434 -341.369
H 13.5303 348.265 -717.434 -341.382
H 13.5338 348.247 -717.434 -341.395
U 13.5348 4096 343.488 -721.157 -334.766 0.141 1.094
U 13.5348 4097 343.488 -721.157 -334.766 0.042 1.221
H 13.5383 348.083 -717.434 -341.204
H 13.5418 348.060 -717.434 -341.221
H 13.5454 348.042 -717.434 -341.234
H 13.5490 348.024 -717.434 -341.246
H 13.5525 348.005 -717.434 -341.259
U 13.5536 4096 343.346 -721.158 -334.560 0.141 1.094
U 13.5536 4097 343.346 -721.158 -334.560 0.042 1.221
H 13.5573 347.844 -717.435 -341.067
H 13.5609 347.819 -717.435 -341.084
H 13.5647 347.801 -717.435 -341.097
H 13.5682 347.781 -717.435 -341.110
U 13.5693 4096 343.206 -721.157 -334.353 0.141 1.094
U 13.5693 4097 343.206 -721.157 -334.353 0.042 1.221
H 13.5727 347.622 -717.434 -340.915
H 13.5762 347.599 -717.434 -340.931
H 13.5796 347.581 -717.434 -340.943
H 13.5831 347.562 -717.434 -340.955
H 13.5866 347.544 -717.434 -340.968
U 13.5876 4096 343.070 -721.157 -334.143 0.141 1.094
U 13.5876 4097 343.070 -721.157 -334.143 0.042 1.221
H 13.5913 347.389 -717.434 -340.770
H 13.5947 347.364 -717.434 -340.786
H 13.5982 347.346 -717.434 -340.798
H 13.6017 347.327 -717.434 -340.810
U 13.6027 4096 342.936 -721.157 -333.932 0.141 1.094
U 13.6027 4097 342.936 -721.157 -333.932 0.042 1.221
H 13.6061 347.175 -717.434 -340.611
H 13.6095 347.151 -717.434 -340.625
H 13.6130 347.133 -717.434 -340.637
H 13.6168 347.114 -717.434 -340.649
H 13.6202 347.094 -717.434 -340.661
U 13.6213 4096 342.805 -721.157 -333.719 0.141 1.094
U 13.6213 4097 342.805 -721.157 -333.719 0.042 1.221
H 13.6248 346.944 -717.434 -340.460
H 13.6283 346.920 -717.434 -340.475
H 13.6317 346.901 -717.434 -340.486
H 13.6351 346.883 -717.434 -340.497
U 13.6361 4096 342.677 -721.157 -333.505 0.141 1.094
U 13.6361 4097 342.677 -721.157 -333.505 0.042 1.221
H 13.6396 346.736 -717.434 -340.294
H 13.6430 346.711 -717.434 -340.309
H 13.6464 346.693 -717.434 -340.320
H 13.6499 346.674 -717.434 -340.331
H 13.6533 346.655 -717.434 -340.342
U 13.6544 4096 342.552 -721.157 -333.288 0.141 1.094
U 13.6544 4097 342.552 -721.157 -333.288 0.042 1.221
H 13.6582 346.511 -717.434 -340.136
H 13.6618 346.484 -717.434 -340.151
H 13.6653 346.465 -717.434 -340.163
H 13.6689 346.445 -717.434 -340.174
U 13.6700 4096 342.429 -721.157 -333.070 0.141 1.094
U 13.6700 4097 342.429 -721.157 -333.070 0.042 1.221
H 13.6735 346.303 -717.434 -339.967
H 13.6771 346.277 -717.434 -339.981
H 13.6806 346.258 -717.434 -339.992
H 13.6842 346.238 -717.434 -340.003
U 13.6853 4096 342.309 -721.157 -332.851 0.141 1.094
U 13.6853 4097 342.309 -721.157 -332.851 0.042 1.221
H 13.6889 346.099 -717.434 -339.794
H 13.6925 346.072 -717.434 -339.809
H 13.6960 346.053 -717.434 -339.819
H 13.6996 346.033 -717.434 -339.830
H 13.7031 346.013 -717.434 -339.840
U 13.7042 4096 342.193 -721.157 -332.630 0.141 1.094
U 13.7042 4097 342.193 -721.157 -332.630 0.042 1.221
H 13.7077 345.877 -717.434 -339.630
H 13.7112 345.851 -717.434 -339.643
H 13.7147 345.831 -717.434 -339.653
H 13.7183 345.811 -717.434 -339.664
U 13.7193 4096 342.079 -721.157 -332.407 0.141 1.094
U 13.7193 4097 342.079 -721.157 -332.407 0.042 1.221
H 13.7230 345.678 -717.434 -339.451
H 13.7265 345.651 -717.434 -339.465
H 13.7303 345.632 -717.434 -339.475
H 13.7339 345.610 -717.434 -339.486
U 13.7350 4096 341.968 -721.157 -332.183 0.141 1.094
U 13.7350 4097 341.968 -721.157 -332.183 0.042 1.221
H 13.7384 345.479 -717.434 -339.271
H 13.7419 345.453 -717.434 -339.284
H 13.7454 345.433 -717.434 -339.294
H 13.7489 345.413 -717.434 -339.304
H 13.7524 345.393 -717.434 -339.313
U 13.7536 4096 341.861 -721.158 -331.957 0.141 1.094
U 13.7536 4097 341.861 -721.158 -331.957 0.042 1.221
H 13.7573 345.265 -717.435 -339.097
H 13.7608 345.238 -717.435 -339.110
H 13.7643 345.218 -717.435 -339.120
H 13.7678 345.197 -717.435 -339.129
U 13.7689 4096 341.756 -721.157 -331.730 0.141 1.094
U 13.7689 4097 341.756 -721.157 -331.730 0.042 1.221
H 13.7724 345.072 -717.434 -338.912
H 13.7759 345.046 -717.434 -338.924
H 13.7794 345.026 -717.434 -338.933
H 13.7829 345.006 -717.434 -338.942
H 13.7864 344.986 -717.434 -338.951
U 13.7874 4096 341.654 -721.157 -331.502 0.141 1.094
U 13.7874 4097 341.654 -721.157 -331.502 0.042 1.221
H 13.7911 344.864 -717.434 -338.731
H 13.7946 344.837 -717.434 -338.743
H 13.7981 344.817 -717.434 -338.752
H 13.8015 344.796 -717.434 -338.761
U 13.8026 4096 341.556 -721.157 -331.272 0.141 1.094
U 13.8026 4097 341.556 -721.157 -331.272 0.042 1.221
H 13.8061 344.678 -717.434 -338.540
H 13.8097 344.651 -717.434 -338.551
H 13.8132 344.630 -717.434 -338.560
H 13.8167 344.609 -717.434 -338.569
H 13.8202 344.589 -717.434 -338.578
U 13.8213 4096 341.461 -721.157 -331.041 0.141 1.094
U 13.8213 4097 341.461 -721.157 -331.041 0.042 1.221
H 13.8249 344.473 -717.434 -338.355
H 13.8284 344.446 -717.434 -338.366
H 13.8318 344.426 -717.434 -338.374
H 13.8353 344.405 -717.434 -338.383
U 13.8364 4096 341.368 -721.157 -330.809 0.141 1.094
U 13.8364 4097 341.368 -721.157 -330.809 0.042 1.221
H 13.8397 344.293 -717.434 -338.158
H 13.8435 344.266 -717.434 -338.169
H 13.8470 344.244 -717.434 -338.177
H 13.8504 344.223 -717.434 -338.185
U 13.8515 4096 341.279 -721.157 -330.575 0.141 1.094
U 13.8515 4097 341.279 -721.157 -330.575 0.042 1.221
H 13.8551 344.114 -717.434 -337.960
H 13.8585 344.086 -717.434 -337.970
H 13.8619 344.066 -717.434 -337.978
H 13.8654 344.046 -717.434 -337.986
H 13.8688 344.025 -717.434 -337.993
U 13.8698 4096 341.192 -721.158 -330.341 0.141 1.094
U 13.8699 4097 341.192 -721.158 -330.341 0.042 1.221
H 13.8732 343.919 -717.435 -337.766
H 13.8766 343.892 -717.435 -337.776
H 13.8801 343.872 -717.435 -337.783
H 13.8835 343.851 -717.435 -337.790
H 13.8869 343.831 -717.435 -337.798
U 13.8880 4096 341.110 -721.157 -330.105 0.141 1.094
U 13.8880 4097 341.110 -721.157 -330.105 0.042 1.221
H 13.8917 343.728 -717.434 -337.569
H 13.8953 343.699 -717.434 -337.579
H 13.8989 343.678 -717.434 -337.586
H 13.9024 343.657 -717.434 -337.594
U 13.9035 4096 341.030 -721.157 -329.868 0.141 1.094
U 13.9035 4097 341.030 -721.157 -329.868 0.042 1.221
H 13.9070 343.556 -717.434 -337.364
H 13.9106 343.528 -717.434 -337.373
H 13.9141 343.506 -717.434 -337.380
H 13.9176 343.485 -717.434 -337.387
U 13.9187 4096 340.953 -721.157 -329.630 0.141 1.094
U 13.9187 4097 340.953 -721.157 -329.630 0.042 1.221
H 13.9224 343.387 -717.434 -337.156
H 13.9260 343.358 -717.434 -337.165
H 13.9295 343.337 -717.434 -337.172
H 13.9330 343.316 -717.434 -337.179
H 13.9365 343.294 -717.434 -337.186
U 13.9376 4096 340.879 -721.157 -329.391 0.141 1.094
U 13.9376 4097 340.879 -721.157 -329.391 0.042 1.221
H 13.9411 343.200 -717.434 -336.953
H 13.9447 343.172 -717.434 -336.962
H 13.9482 343.150 -717.434 -336.968
H 13.9518 343.129 -717.434 -336.974
U 13.9528 4096 340.809 -721.157 -329.151 0.141 1.094
U 13.9528 4097 340.809 -721.157 -329.151 0.042 1.221
H 13.9569 343.037 -717.434 -336.741
H 13.9604 343.006 -717.434 -336.750
H 13.9639 342.985 -717.434 -336.756
H 13.9674 342.963 -717.434 -336.762
U 13.9685 4096 340.742 -721.157 -328.910 0.141 1.094
U 13.9685 4097 340.742 -721.157 -328.910 0.042 1.221
H 13.9720 342.874 -717.434 -336.527
H 13.9755 342.846 -717.434 -336.535
H 13.9790 342.825 -717.434 -336.541
H 13.9826 342.804 -717.434 -336.547
H 13.9861 342.782 -717.434 -336.553
U 13.9872 4096 340.678 -721.158 -328.668 0.141 1.094
U 13.9872 4097 340.678 -721.158 -328.668 0.042 1.221
H 13.9908 342.696 -717.435 -336.317
H 13.9943 342.668 -717.435 -336.324
H 13.9978 342.646 -717.435 -336.330
H 14.0013 342.625 -717.435 -336.335
U 14.0025 4096 340.617 -721.157 -328.426 0.141 1.094
U 14.0025 4097 340.617 -721.157 -328.426 0.042 1.221
H 14.0059 342.542 -717.434 -336.098
H 14.0095 342.514 -717.434 -336.105
H 14.0130 342.492 -717.434 -336.111
H 14.0165 342.470 -717.434 -336.116
H 14.0200 342.449 -717.434 -336.121
U 14.0211 4096 340.560 -721.157 -328.183 0.141 1.094
U 14.0211 4097 340.560 -721.157 -328.183 0.042 1.221
H 14.0247 342.370 -717.434 -335.883
H 14.0282 342.341 -717.434 -335.890
H 14.0317 342.320 -717.434 -335.895
H 14.0352 342.298 -717.434 -335.899
U 14.0363 4096 340.506 -721.157 -327.939 0.141 1.094
U 14.0363 4097 340.506 -721.157 -327.939 0.042 1.221
H 14.0397 342.222 -717.434 -335.660
H 14.0432 342.194 -717.434 -335.666
H 14.0467 342.173 -717.434 -335.671
H 14.0502 342.151 -717.434 -335.676
H 14.0536 342.130 -717.434 -335.680
U 14.0547 4096 340.455 -721.157 -327.694 0.141 1.094
U 14.0547 4097 340.455 -721.157 -327.694 0.042 1.221
H 14.0583 342.058 -717.434 -335.440
H 14.0617 342.029 -717.434 -335.446
H 14.0652 342.007 -717.434 -335.450
H 14.0690 341.986 -717.434 -335.454
U 14.0701 4096 340.407 -720.674 -327.448 0.141 1.094
U 14.0701 4097 340.407 -720.674 -327.448 0.042 1.221
H 14.0738 341.914 -716.951 -335.214
H 14.0772 341.885 -716.951 -335.219
H 14.0806 341.863 -716.951 -335.223
H 14.0840 341.842 -716.951 -335.227
U 14.0851 4096 340.363 -720.060 -327.202 0.141 1.094
U 14.0851 4097 340.363 -720.060 -327.202 0.042 1.221
H 14.0887 341.776 -716.337 -334.985
H 14.0921 341.747 -716.337 -334.990
H 14.0955 341.726 -716.337 -334.994
H 14.0989 341.705 -716.337 -334.998
H 14.1023 341.684 -716.337 -335.001
U 14.1034 4096 340.363 -720.060 -327.202 0.088 0.794
U 14.1034 4097 340.363 -720.060 -327.202 0.045 0.794
H 14.1068 341.662 -716.337 -335.005
H 14.1102 341.634 -716.337 -335.010
H 14.1136 341.613 -716.337 -335.013
H 14.1172 341.592 -716.337 -335.016
U 14.1183 4096 340.361 -720.050 -327.194 0.094 0.800
U 14.1183 4097 340.361 -720.050 -327.194 0.049 0.805
H 14.1217 341.568 -716.327 -335.012
H 14.1251 341.540 -716.327 -335.016
H 14.1286 341.518 -716.327 -335.019
H 14.1319 341.497 -716.327 -335.022
H 14.1353 341.476 -716.327 -335.025
U 14.1364 4096 340.359 -720.030 -327.178 0.101 0.809
U 14.1364 4097 340.359 -720.030 -327.178 0.053 0.817
H 14.1398 341.452 -716.307 -335.012
H 14.1431 341.424 -716.307 -335.016
H 14.1466 341.403 -716.307 -335.019
H 14.1499 341.382 -716.307 -335.021
H 14.1534 341.360 -716.307 -335.024
U 14.1544 4096 340.355 -720.000 -327.153 0.108 0.818
U 14.1544 4097 340.355 -720.000 -327.153 0.057 0.829
H 14.1578 341.336 -716.277 -335.002
H 14.1612 341.308 -716.277 -335.006
H 14.1649 341.286 -716.277 -335.008
H 14.1688 341.263 -716.277 -335.011
U 14.1699 4096 340.355 -720.000 -327.153 0.088 0.794
U 14.1699 4097 340.355 -720.000 -327.153 0.045 0.794
H 14.1734 341.239 -716.277 -335.014
H 14.1770 341.209 -716.277 -335.017
H 14.1810 341.187 -716.277 -335.019
H 14.1845 341.162 -716.277 -335.022
U 14.1857 4096 340.355 -720.000 -327.153 0.088 0.794
U 14.1857 4097 340.355 -720.000 -327.153 0.045 0.794
H 14.1892 341.139 -716.277 -335.024
H 14.1927 341.110 -716.277 -335.027
H 14.1963 341.088 -716.277 -335.029
H 14.1998 341.066 -716.277 -335.031
H 14.2034 341.043 -716.277 -335.033
U 14.2045 4096 340.355 -720.000 -327.153 0.088 0.794
U 14.2045 4097 340.355 -720.000 -327.153 0.045 0.794
H 14.2080 341.021 -716.277 -335.035
H 14.2116 340.992 -716.277 -335.037
H 14.2151 340.969 -716.277 -335.039
H 14.2187 340.947 -716.277 -335.041
U 14.2198 4096 340.355 -720.000 -327.153 0.088 0.794
U 14.2198 4097 340.355 -720.000 -327.153 0.045 0.794
H 14.2232 340.924 -716.277 -335.043
H 14.2268 340.896 -716.277 -335.045
H 14.2303 340.873 -716.277 -335.046
H 14.2339 340.851 -716.277 -335.048
U 14.2350 4096 340.355 -720.000 -327.153 0.088 0.794
U 14.2350 4097 340.355 -720.000 -327.153 0.045 0.794
H 14.2385 340.828 -716.277 -335.049
H 14.2422 340.799 -716.277 -335.051
H 14.2458 340.776 -716.277 -335.052
H 14.2494 340.753 -716.277 -335.053
H 14.2529 340.730 -716.277 -335.054
U 14.2541 4096 340.355 -720.000 -327.153 0.088 0.794
U 14.2541 4097 340.355 -720.000 -327.153 0.045 0.794
H 14.2576 340.708 -716.277 -335.055
H 14.2613 340.678 -716.277 -335.056
H 14.2649 340.655 -716.277 -335.057
H 14.2685 340.632 -716.277 -335.058
U 14.2696 4096 340.355 -720.000 -327.153 0.088 0.794
U 14.2696 4097 340.355 -720.000 -327.153 0.045 0.794
H 14.2732 340.609 -716.277 -335.059
H 14.2768 340.580 -716.277 -335.060
H 14.2805 340.557 -716.277 -335.060
H 14.2841 340.534 -716.277 -335.061
U 14.2852 4096 340.355 -720.000 -327.153 0.088 0.794
U 14.2852 4097 340.355 -720.000 -327.153 0.045 0.794
H 14.2887 340.511 -716.277 -335.062
H 14.2923 340.482 -716.277 -335.062
H 14.2962 340.459 -716.277 -335.062
H 14.2998 340.434 -716.277 -335.063
H 14.3034 340.411 -716.277 -335.063
U 14.3045 4096 340.355 -720.000 -327.153 0.088 0.794
U 14.3045 4097 340.355 -720.000 -327.153 0.045 0.794
H 14.3080 340.389 -716.277 -335.063
H 14.3116 340.359 -716.277 -335.063
H 14.3151 340.337 -716.277 -335.063
H 14.3186 340.315 -716.277 -335.063
U 14.3197 4096 340.355 -720.000 -327.153 0.088 0.794
U 14.3197 4097 340.355 -720.000 -327.153 0.045 0.794
H 14.3232 340.292 -716.277 -335.063
H 14.3267 340.263 -716.277 -335.063
H 14.3303 340.241 -716.277 -335.062
H 14.3339 340.219 -716.277 -335.062
U 14.3350 4096 340.355 -720.000 -327.153 0.088 0.794
U 14.3350 4097 340.355 -720.000 -327.153 0.045 0.794
H 14.3384 340.196 -716.277 -335.061
H 14.3420 340.167 -716.277 -335.061
H 14.3455 340.145 -716.277 -335.060
H 14.3490 340.122 -716.277 -335.060
H 14.3526 340.100 -716.277 -335.059
U 14.3537 4096 340.355 -720.000 -327.153 0.088 0.794
U 14.3537 4097 340.355 -720.000 -327.153 0.045 0.794
H 14.3571 340.078 -716.277 -335.058
H 14.3606 340.049 -716.277 -335.057
H 14.3642 340.026 -716.277 -335.056
H 14.3677 340.004 -716.277 -335.055
U 14.3689 4096 340.355 -720.000 -327.153 0.088 0.794
U 14.3689 4097 340.355 -720.000 -327.153 0.045 0.794
H 14.3724 339.982 -716.277 -335.054
H 14.3759 339.952 -716.277 -335.053
H 14.3795 339.930 -716.277 -335.052
H 14.3831 339.907 -716.277 -335.050
H 14.3866 339.885 -716.277 -335.049
U 14.3878 4096 340.355 -720.000 -327.153 0.088 0.794
U 14.3878 4097 340.355 -720.000 -327.153 0.045 0.794
H 14.3913 339.862 -716.277 -335.048
H 14.3948 339.833 -716.277 -335.046
H 14.3984 339.810 -716.277 -335.044
H 14.4019 339.788 -716.277 -335.043
U 14.4031 4096 340.355 -720.000 -327.153 0.088 0.794
U 14.4031 4097 340.355 -720.000 -327.153 0.045 0.794
H 14.4066 339.766 -716.277 -335.041
H 14.4105 339.736 -716.277 -335.039
H 14.4140 339.712 -716.277 -335.037
H 14.4175 339.690 -716.277 -335.035
U 14.4187 4096 340.355 -720.000 -327.153 0.088 0.794
U 14.4187 4097 340.355 -720.000 -327.153 0.045 0.794
H 14.4223 339.667 -716.277 -335.033
H 14.4259 339.637 -716.277 -335.030
H 14.4295 339.615 -716.277 -335.028
H 14.4332 339.592 -716.277 -335.026
H 14.4368 339.569 -716.277 -335.024
U 14.4380 4096 340.355 -720.000 -327.153 0.088 0.794
U 14.4380 4097 340.355 -720.000 -327.153 0.045 0.794
H 14.4415 339.546 -716.277 -335.021
H 14.4451 339.516 -716.277 -335.018
H 14.4488 339.494 -716.277 -335.016
H 14.4524 339.471 -716.277 -335.013
U 14.4535 4096 340.355 -720.000 -327.153 0.088 0.794
U 14.4535 4097 340.355 -720.000 -327.153 0.045 0.794
H 14.4571 339.448 -716.277 -335.011
H 14.4606 339.418 -716.277 -335.007
H 14.4642 339.396 -716.277 -335.005
H 14.4678 339.374 -716.277 -335.002
U 14.4689 4096 340.355 -720.000 -327.153 0.088 0.794
U 14.4689 4097 340.355 -720.000 -327.153 0.045 0.794
H 14.4725 339.351 -716.277 -334.999
H 14.4760 339.322 -716.277 -334.995
H 14.4796 339.299 -716.277 -334.992
H 14.4832 339.277 -716.277 -334.989
H 14.4872 339.254 -716.277 -334.986
U 14.4884 4096 340.355 -720.000 -327.153 0.088 0.794
U 14.4884 4097 340.355 -720.000 -327.153 0.045 0.794
H 14.4919 339.229 -716.277 -334.982
H 14.4955 339.200 -716.277 -334.978
H 14.4990 339.177 -716.277 -334.975
H 14.5026 339.155 -716.277 -334.971
U 14.5039 4096 340.355 -720.000 -327.153 0.088 0.794
U 14.5039 4097 340.355 -720.000 -327.153 0.045 0.794
H 14.5074 339.133 -716.277 -334.968
H 14.5110 339.103 -716.277 -334.963
H 14.5148 339.080 -716.277 -334.960
H 14.5184 339.057 -716.277 -334.956
U 14.5196 4096 340.355 -720.000 -327.153 0.088 0.794
U 14.5196 4097 340.355 -720.000 -327.153 0.045 0.794
H 14.5231 339.034 -716.277 -334.952
H 14.5271 339.005 -716.277 -334.947
H 14.5308 338.980 -716.277 -334.943
H 14.5344 338.957 -716.277 -334.938
U 14.5357 4096 340.357 -719.987 -327.145 0.094 0.800
U 14.5357 4097 340.357 -719.987 -327.145 0.049 0.805
H 14.5392 338.936 -716.264 -334.926
H 14.5431 338.906 -716.264 -334.921
H 14.5467 338.882 -716.264 -334.916
H 14.5502 338.860 -716.264 -334.912
H 14.5538 338.838 -716.264 -334.908
U 14.5549 4096 340.357 -719.987 -327.145 0.088 0.794
U 14.5549 4097 340.357 -719.987 -327.145 0.045 0.794
H 14.5584 338.816 -716.264 -334.903
H 14.5620 338.787 -716.264 -334.897
H 14.5655 338.765 -716.264 -334.893
H 14.5690 338.743 -716.264 -334.888
U 14.5702 4096 340.357 -719.987 -327.145 0.088 0.794
U 14.5702 4097 340.357 -719.987 -327.145 0.045 0.794
H 14.5737 338.721 -716.264 -334.884
H 14.5772 338.692 -716.264 -334.878
H 14.5808 338.670 -716.264 -334.873
H 14.5843 338.648 -716.264 -334.868
U 14.5854 4096 340.359 -719.974 -327.137 0.094 0.800
U 14.5854 4097 340.359 -719.974 -327.137 0.049 0.805
H 14.5889 338.629 -716.250 -334.855
H 14.5924 338.600 -716.250 -334.849
H 14.5959 338.579 -716.250 -334.844
H 14.5994 338.557 -716.250 -334.839
H 14.6030 338.535 -716.250 -334.834
U 14.6041 4096 340.359 -719.974 -327.137 0.088 0.794
U 14.6041 4097 340.359 -719.974 -327.137 0.045 0.794
H 14.6075 338.513 -716.250 -334.828
H 14.6111 338.485 -716.250 -334.822
H 14.6146 338.464 -716.250 -334.816
H 14.6182 338.442 -716.250 -334.811
U 14.6194 4096 340.361 -719.960 -327.128 0.094 0.800
U 14.6194 4097 340.361 -719.960 -327.128 0.049 0.805
H 14.6229 338.422 -716.237 -334.797
H 14.6266 338.393 -716.237 -334.790
H 14.6302 338.370 -716.237 -334.784
H 14.6337 338.349 -716.237 -334.778
H 14.6372 338.327 -716.237 -334.773
U 14.6383 4096 340.361 -719.960 -327.128 0.088 0.794
U 14.6383 4097 340.361 -719.960 -327.128 0.045 0.794
H 14.6422 338.306 -716.237 -334.767
H 14.6457 338.275 -716.237 -334.759
H 14.6492 338.254 -716.237 -334.753
H 14.6527 338.232 -716.237 -334.747
U 14.6538 4096 340.363 -719.947 -327.120 0.094 0.800
U 14.6538 4097 340.363 -719.947 -327.120 0.049 0.805
H 14.6572 338.213 -716.224 -334.733
H 14.6608 338.186 -716.224 -334.725
H 14.6643 338.164 -716.224 -334.719
H 14.6677 338.143 -716.224 -334.713
U 14.6689 4096 340.363 -719.947 -327.120 0.088 0.794
U 14.6689 4097 340.363 -719.947 -327.120 0.045 0.794
H 14.6723 338.122 -716.224 -334.706
H 14.6758 338.094 -716.224 -334.698
H 14.6793 338.073 -716.224 -334.692
H 14.6828 338.052 -716.224 -334.685
H 14.6863 338.030 -716.224 -334.679
U 14.6874 4096 340.366 -719.933 -327.112 0.094 0.800
U 14.6874 4097 340.366 -719.933 -327.112 0.049 0.805
H 14.6908 338.012 -716.210 -334.664
H 14.6943 337.984 -716.210 -334.656
H 14.6977 337.964 -716.210 -334.649
H 14.7012 337.943 -716.210 -334.643
U 14.7024 4096 340.366 -719.933 -327.112 0.088 0.794
U 14.7024 4097 340.366 -719.933 -327.112 0.045 0.794
H 14.7060 337.922 -716.210 -334.636
H 14.7096 337.893 -716.210 -334.626
H 14.7134 337.871 -716.210 -334.619
H 14.7170 337.849 -716.210 -334.612
H 14.7207 337.827 -716.210 -334.604
U 14.7219 4096 340.368 -719.919 -327.105 0.094 0.800
U 14.7219 4097 340.368 -719.919 -327.105 0.049 0.805
H 14.7254 337.808 -716.196 -334.589
H 14.7290 337.779 -716.196 -334.579
H 14.7326 337.758 -716.196 -334.572
H 14.7363 337.736 -716.196 -334.564
U 14.7375 4096 340.368 -719.919 -327.105 0.088 0.794
U 14.7375 4097 340.368 -719.919 -327.105 0.045 0.794
H 14.7410 337.715 -716.196 -334.556
H 14.7447 337.686 -716.196 -334.546
H 14.7483 337.665 -716.196 -334.538
H 14.7520 337.643 -716.196 -334.531
U 14.7532 4096 340.371 -719.905 -327.097 0.094 0.800
U 14.7533 4097 340.371 -719.905 -327.097 0.049 0.805
H 14.7572 337.624 -716.182 -334.515
H 14.7608 337.593 -716.182 -334.503
H 14.7644 337.572 -716.182 -334.495
H 14.7682 337.550 -716.182 -334.487
U 14.7694 4096 340.377 -719.878 -327.081 0.101 0.809
U 14.7694 4097 340.377 -719.878 -327.081 0.053 0.817
H 14.7731 337.534 -716.154 -334.463
H 14.7767 337.505 -716.154 -334.452
H 14.7804 337.484 -716.154 -334.443
H 14.7843 337.462 -716.154 -334.435
U 14.7855 4096 340.377 -719.878 -327.081 0.088 0.794
U 14.7855 4097 340.377 -719.878 -327.081 0.045 0.794
H 14.7890 337.439 -716.154 -334.426
H 14.7927 337.411 -716.154 -334.414
H 14.7963 337.390 -716.154 -334.406
H 14.8000 337.369 -716.154 -334.397
H 14.8036 337.347 -716.154 -334.388
U 14.8048 4096 340.380 -719.863 -327.074 0.094 0.800
U 14.8048 4097 340.380 -719.863 -327.074 0.049 0.805
H 14.8083 337.329 -716.140 -334.372
H 14.8120 337.302 -716.140 -334.360
H 14.8156 337.280 -716.140 -334.351
H 14.8193 337.259 -716.140 -334.342
U 14.8205 4096 340.380 -719.863 -327.074 0.088 0.794
U 14.8205 4097 340.380 -719.863 -327.074 0.045 0.794
H 14.8241 337.238 -716.140 -334.333
H 14.8278 337.210 -716.140 -334.321
H 14.8314 337.189 -716.140 -334.311
H 14.8356 337.167 -716.140 -334.302
U 14.8368 4096 340.384 -719.849 -327.066 0.094 0.800
U 14.8368 4097 340.384 -719.849 -327.066 0.049 0.805
H 14.8408 337.147 -716.126 -334.284
H 14.8445 337.117 -716.126 -334.270
H 14.8482 337.096 -716.126 -334.260
H 14.8518 337.075 -716.126 -334.251
U 14.8530 4096 340.391 -719.821 -327.051 0.101 0.809
U 14.8531 4097 340.391 -719.821 -327.051 0.053 0.817
H 14.8568 337.060 -716.098 -334.226
H 14.8605 337.032 -716.098 -334.213
H 14.8643 337.011 -716.098 -334.202
H 14.8681 336.989 -716.098 -334.192
U 14.8695 4096 340.391 -719.821 -327.051 0.088 0.794
U 14.8695 4097 340.391 -719.821 -327.051 0.045 0.794
H 14.8731 336.967 -716.098 -334.182
H 14.8773 336.939 -716.098 -334.168
H 14.8810 336.915 -716.098 -334.156
H 14.8847 336.894 -716.098 -334.146
U 14.8859 4096 340.394 -719.807 -327.043 0.094 0.800
U 14.8859 4097 340.394 -719.807 -327.043 0.049 0.805
H 14.8897 336.877 -716.084 -334.128
H 14.8935 336.848 -716.084 -334.114
H 14.8972 336.827 -716.084 -334.103
H 14.9009 336.806 -716.084 -334.093
U 14.9021 4096 340.394 -719.807 -327.043 0.088 0.794
U 14.9021 4097 340.394 -719.807 -327.043 0.045 0.794
H 14.9057 336.785 -716.084 -334.082
H 14.9094 336.758 -716.084 -334.068
H 14.9130 336.737 -716.084 -334.057
H 14.9166 336.717 -716.084 -334.047
